Frequency	dBm
0.000000	2.270387
12.500000	3.335339
25.000000	-2.624772
37.500000	-13.018206
50.000000	-28.772530
62.500000	-52.105595
75.000000	-61.027475
87.500000	-61.576058
100.000000	-59.828911
112.500000	-58.342572
125.000000	-58.202116
137.500000	-59.037847
150.000000	-59.424585
162.500000	-59.261392
175.000000	-59.578309
187.500000	-59.820510
200.000000	-59.380629
212.500000	-59.162940
225.000000	-60.224980
237.500000	-61.669394
250.000000	-60.876186
262.500000	-60.140686
275.000000	-60.547351
287.500000	-60.766800
300.000000	-59.758490
312.500000	-58.530442
325.000000	-58.535944
337.500000	-59.509502
350.000000	-60.438323
362.500000	-60.610930
375.000000	-60.484063
387.500000	-60.333253
400.000000	-59.679546
412.500000	-59.070970
425.000000	-59.064044
437.500000	-59.402259
450.000000	-59.641622
462.500000	-59.906848
475.000000	-60.486953
487.500000	-60.358110
500.000000	-59.767987
512.500000	-59.739486
525.000000	-60.202298
537.500000	-60.533013
550.000000	-60.024419
562.500000	-59.552416
575.000000	-59.904092
587.500000	-60.305003
600.000000	-59.624015
612.500000	-58.391538
625.000000	-57.948348
637.500000	-58.798732
650.000000	-60.302346
662.500000	-60.629795
675.000000	-59.480383
687.500000	-58.773667
700.000000	-59.115644
712.500000	-60.207809
725.000000	-61.553139
737.500000	-61.505500
750.000000	-60.569439
762.500000	-60.714283
775.000000	-61.501994
787.500000	-61.232504
800.000000	-61.135436
812.500000	-62.138012
825.000000	-63.115913
837.500000	-62.293885
850.000000	-61.448642
862.500000	-61.625930
875.000000	-62.084404
887.500000	-62.022673
900.000000	-60.698924
912.500000	-58.859554
925.000000	-58.557674
937.500000	-60.176019
950.000000	-63.177478
962.500000	-63.657743
975.000000	-61.459106
987.500000	-60.726662
1000.000000	-60.441640
1012.500000	-59.879399
1025.000000	-59.765092
1037.500000	-59.803542
1050.000000	-59.469448
1062.500000	-59.602014
1075.000000	-60.375774
1087.500000	-61.724354
1100.000000	-62.964048
1112.500000	-62.804673
1125.000000	-61.579059
1137.500000	-60.824907
1150.000000	-60.608629
1162.500000	-60.514482
1175.000000	-59.922923
1187.500000	-59.124364
1200.000000	-59.026621
1212.500000	-59.582774
1225.000000	-59.897769
1237.500000	-59.187432
1250.000000	-58.528351
1262.500000	-58.585763
1275.000000	-58.663392
1287.500000	-58.501117
1300.000000	-59.475582
1312.500000	-61.217083
1325.000000	-61.931935
1337.500000	-61.477812
1350.000000	-58.759504
1362.500000	-56.848842
1375.000000	-56.827981
1387.500000	-57.927981
1400.000000	-59.273549
1412.500000	-60.636044
1425.000000	-61.657916
1437.500000	-61.715884
1450.000000	-60.291914
1462.500000	-59.334807
1475.000000	-60.197504
1487.500000	-61.694699
1500.000000	-62.146107
1512.500000	-63.013286
1525.000000	-63.418790
1537.500000	-62.958417
1550.000000	-63.086733
1562.500000	-62.942948
1575.000000	-63.371332
1587.500000	-63.419294
1600.000000	-61.563398
1612.500000	-60.400755
1625.000000	-59.962605
1637.500000	-59.432026
1650.000000	-59.521954
1662.500000	-60.988100
1675.000000	-63.091475
1687.500000	-63.679111
1700.000000	-63.624966
1712.500000	-62.855292
1725.000000	-62.078911
1737.500000	-61.679971
1750.000000	-61.923993
1762.500000	-62.508063
1775.000000	-62.337746
1787.500000	-62.332328
1800.000000	-61.942068
1812.500000	-61.020404
1825.000000	-60.461746
1837.500000	-60.323460
1850.000000	-60.195536
1862.500000	-59.848445
1875.000000	-59.609021
1887.500000	-59.270793
1900.000000	-59.231547
1912.500000	-59.809771
1925.000000	-59.952109
1937.500000	-60.300504
1950.000000	-61.790110
1962.500000	-61.927669
1975.000000	-60.518668
1987.500000	-59.856676
2000.000000	-60.061177
2012.500000	-61.150905
2025.000000	-61.836242
2037.500000	-61.370477
2050.000000	-62.351931
2062.500000	-60.821850
2075.000000	-56.011682
2087.500000	-54.433907
2100.000000	-56.139592
2112.500000	-59.637633
2125.000000	-61.009900
2137.500000	-60.365623
2150.000000	-61.055445
2162.500000	-61.504071
2175.000000	-60.629499
2187.500000	-60.768062
2200.000000	-60.981301
2212.500000	-59.994150
2225.000000	-59.221878
2237.500000	-59.130873
2250.000000	-59.193575
2262.500000	-59.236297
2275.000000	-59.633939
2287.500000	-59.155903
2300.000000	-58.523749
2312.500000	-59.095219
2325.000000	-59.834178
2337.500000	-60.266198
2350.000000	-60.255367
2362.500000	-59.436585
2375.000000	-59.152578
2387.500000	-59.667155
2400.000000	-60.327342
2412.500000	-60.674572
2425.000000	-60.367232
2437.500000	-59.846599
2450.000000	-59.641989
2462.500000	-60.634356
2475.000000	-62.310201
2487.500000	-61.149686
2500.000000	-59.096344
2512.500000	-58.389443
2525.000000	-59.568286
2537.500000	-62.143954
2550.000000	-62.009101
2562.500000	-60.617657
2575.000000	-60.315556
2587.500000	-60.157133
2600.000000	-60.280540
2612.500000	-60.502323
2625.000000	-60.423723
2637.500000	-60.659199
2650.000000	-61.345764
2662.500000	-62.382499
2675.000000	-62.405025
2687.500000	-61.203166
2700.000000	-60.390810
2712.500000	-59.568090
2725.000000	-59.203119
2737.500000	-58.966603
2750.000000	-58.430504
2762.500000	-57.704408
2775.000000	-57.720646
2787.500000	-59.153068
2800.000000	-60.652118
2812.500000	-61.343080
2825.000000	-62.008885
2837.500000	-61.382200
2850.000000	-59.367474
2862.500000	-58.884944
2875.000000	-60.230810
2887.500000	-61.818525
2900.000000	-61.337675
2912.500000	-59.676500
2925.000000	-59.002734
2937.500000	-59.818845
2950.000000	-60.706213
2962.500000	-60.556502
2975.000000	-60.569704
2987.500000	-61.059017
3000.000000	-60.963882
3012.500000	-59.561758
3025.000000	-58.219394
3037.500000	-58.226729
3050.000000	-59.644457
3062.500000	-60.570683
3075.000000	-59.948741
3087.500000	-59.713074
3100.000000	-59.769956
3112.500000	-58.840098
3125.000000	-57.855071
3137.500000	-57.474997
3150.000000	-57.259519
3162.500000	-57.774609
3175.000000	-59.370855
3187.500000	-60.756766
3200.000000	-61.664206
3212.500000	-62.365577
3225.000000	-62.749294
3237.500000	-63.158786
3250.000000	-62.369517
3262.500000	-61.364468
3275.000000	-61.185005
3287.500000	-61.828141
3300.000000	-62.582077
3312.500000	-62.408129
3325.000000	-62.174819
3337.500000	-61.843677
3350.000000	-61.036721
3362.500000	-59.645641
3375.000000	-58.518138
3387.500000	-58.712028
3400.000000	-59.127304
3412.500000	-58.440646
3425.000000	-58.469391
3437.500000	-59.934363
3450.000000	-61.164148
3462.500000	-61.274083
3475.000000	-60.768334
3487.500000	-60.505152
3500.000000	-60.402449
3512.500000	-60.281191
3525.000000	-60.701188
3537.500000	-60.480895
3550.000000	-60.181100
3562.500000	-61.269813
3575.000000	-62.389034
3587.500000	-61.543278
3600.000000	-60.580191
3612.500000	-60.199990
3625.000000	-59.815684
3637.500000	-59.588471
3650.000000	-59.553926
3662.500000	-59.813770
3675.000000	-60.134313
3687.500000	-60.251047
3700.000000	-60.394272
3712.500000	-61.043035
3725.000000	-61.209349
3737.500000	-61.123289
3750.000000	-61.002708
3762.500000	-61.202681
3775.000000	-62.654921
3787.500000	-63.199871
3800.000000	-61.044339
3812.500000	-60.042771
3825.000000	-60.890345
3837.500000	-61.503758
3850.000000	-60.730447
3862.500000	-60.362959
3875.000000	-60.544859
3887.500000	-60.052868
3900.000000	-59.150630
3912.500000	-59.243679
3925.000000	-59.922457
3937.500000	-60.566500
3950.000000	-60.719459
3962.500000	-60.074075
3975.000000	-59.220750
3987.500000	-58.602954
4000.000000	-58.405365
4012.500000	-58.212937
4025.000000	-57.792640
4037.500000	-58.045548
4050.000000	-59.169078
4062.500000	-60.339222
4075.000000	-59.955065
4087.500000	-59.140224
4100.000000	-59.392999
4112.500000	-60.343843
4125.000000	-60.669300
4137.500000	-60.556671
4150.000000	-60.617491
4162.500000	-60.518016
4175.000000	-59.823435
4187.500000	-60.131837
4200.000000	-62.169933
4212.500000	-62.694569
4225.000000	-60.993183
4237.500000	-60.223479
4250.000000	-60.914721
4262.500000	-62.132295
4275.000000	-62.771392
4287.500000	-61.894774
4300.000000	-60.061101
4312.500000	-59.270687
4325.000000	-59.416169
4337.500000	-59.097540
4350.000000	-58.689361
4362.500000	-59.520642
4375.000000	-61.455699
4387.500000	-62.600711
4400.000000	-61.804518
4412.500000	-60.658408
4425.000000	-59.982150
4437.500000	-60.260457
4450.000000	-61.558280
4462.500000	-62.397979
4475.000000	-62.049185
4487.500000	-61.977510
4500.000000	-61.780491
4512.500000	-61.712323
4525.000000	-62.405141
4537.500000	-62.266573
4550.000000	-61.243757
4562.500000	-60.827247
4575.000000	-60.792154
4587.500000	-59.750411
4600.000000	-58.591152
4612.500000	-58.720380
4625.000000	-59.895675
4637.500000	-60.912336
4650.000000	-60.756053
4662.500000	-60.087322
4675.000000	-59.995591
4687.500000	-60.667769
4700.000000	-62.304564
4712.500000	-63.141956
4725.000000	-61.669654
4737.500000	-60.669045
4750.000000	-60.766352
4762.500000	-61.045949
4775.000000	-61.684989
4787.500000	-61.971041
4800.000000	-61.589337
4812.500000	-61.149520
4825.000000	-60.506530
4837.500000	-59.883035
4850.000000	-60.155730
4862.500000	-61.802049
4875.000000	-62.541067
4887.500000	-60.461352
4900.000000	-59.232596
4912.500000	-60.248621
4925.000000	-62.656788
4937.500000	-62.841111
4950.000000	-62.144901
4962.500000	-61.957868
4975.000000	-62.020147
4987.500000	-62.657385
5000.000000	-62.060184
5012.500000	-60.868183
5025.000000	-60.503443
5037.500000	-60.366116
5050.000000	-60.351733
5062.500000	-61.054378
5075.000000	-61.481305
5087.500000	-60.676390
5100.000000	-59.743818
5112.500000	-59.786220
5125.000000	-60.489171
5137.500000	-61.067742
5150.000000	-61.199523
5162.500000	-60.516884
5175.000000	-59.677523
5187.500000	-59.909752
5200.000000	-60.977489
5212.500000	-62.384231
5225.000000	-62.713070
5237.500000	-59.962143
5250.000000	-58.382598
5262.500000	-59.410605
5275.000000	-62.000779
5287.500000	-62.426665
5300.000000	-62.278044
5312.500000	-62.476935
5325.000000	-61.044077
5337.500000	-59.808496
5350.000000	-59.846757
5362.500000	-60.229656
5375.000000	-60.031174
5387.500000	-59.944010
5400.000000	-60.494307
5412.500000	-60.874364
5425.000000	-61.519588
5437.500000	-62.599499
5450.000000	-61.908838
5462.500000	-60.521092
5475.000000	-59.808610
5487.500000	-60.529246
5500.000000	-62.509960
5512.500000	-62.237568
5525.000000	-60.686608
5537.500000	-60.514066
5550.000000	-61.162201
5562.500000	-60.775723
5575.000000	-59.584752
5587.500000	-58.796996
5600.000000	-58.646762
5612.500000	-59.500129
5625.000000	-60.810602
5637.500000	-61.606760
5650.000000	-61.169710
5662.500000	-60.826743
5675.000000	-61.102234
5687.500000	-60.544396
5700.000000	-59.779654
5712.500000	-59.904030
5725.000000	-59.740946
5737.500000	-59.301067
5750.000000	-59.789949
5762.500000	-60.990691
5775.000000	-61.939813
5787.500000	-60.569161
5800.000000	-58.930568
5812.500000	-59.145811
5825.000000	-60.798395
5837.500000	-62.685219
5850.000000	-62.581867
5862.500000	-59.706113
5875.000000	-58.032916
5887.500000	-58.387846
5900.000000	-59.296538
5912.500000	-59.541724
5925.000000	-60.572682
5937.500000	-62.064099
5950.000000	-62.453177
5962.500000	-63.101694
5975.000000	-63.294615
5987.500000	-62.457329
6000.000000	-61.935792
6012.500000	-61.270986
6025.000000	-60.240949
6037.500000	-60.210593
6050.000000	-61.006926
6062.500000	-61.140229
6075.000000	-60.565354
6087.500000	-60.169339
6100.000000	-60.470998
6112.500000	-61.609504
6125.000000	-62.814340
6137.500000	-63.251587
6150.000000	-63.774787
6162.500000	-63.617065
6175.000000	-61.590773
6187.500000	-60.532822
6200.000000	-60.681231
6212.500000	-61.366511
6225.000000	-61.945241
6237.500000	-62.654253
6250.000000	-63.506730
6262.500000	-62.336784
6275.000000	-60.453041
6287.500000	-59.659622
6300.000000	-59.460699
6312.500000	-59.019759
6325.000000	-58.478502
6337.500000	-58.906699
6350.000000	-59.962838
6362.500000	-59.807227
6375.000000	-58.922695
6387.500000	-58.719917
6400.000000	-59.500071
6412.500000	-60.075558
6425.000000	-59.095770
6437.500000	-58.203793
6450.000000	-58.265273
6462.500000	-59.177690
6475.000000	-60.678111
6487.500000	-60.090286
6500.000000	-58.772341
6512.500000	-59.239246
6525.000000	-60.384484
6537.500000	-60.732637
6550.000000	-60.959299
6562.500000	-60.850030
6575.000000	-60.637908
6587.500000	-60.336046
6600.000000	-59.952920
6612.500000	-59.720765
6625.000000	-59.166146
6637.500000	-58.180781
6650.000000	-57.981342
6662.500000	-59.410666
6675.000000	-60.991949
6687.500000	-61.453712
6700.000000	-61.839629
6712.500000	-60.699183
6725.000000	-59.621895
6737.500000	-59.288578
6750.000000	-59.244377
6762.500000	-59.700316
6775.000000	-60.509696
6787.500000	-60.981102
6800.000000	-60.560052
6812.500000	-59.904630
6825.000000	-60.029299
6837.500000	-59.889326
6850.000000	-59.929778
6862.500000	-60.827555
6875.000000	-62.189732
6887.500000	-62.680768
6900.000000	-61.655028
6912.500000	-61.033697
6925.000000	-60.673028
6937.500000	-60.078465
6950.000000	-59.799493
6962.500000	-60.254260
6975.000000	-61.773351
6987.500000	-62.387769
7000.000000	-61.513037
7012.500000	-61.117180
7025.000000	-61.334809
7037.500000	-61.963414
7050.000000	-62.411599
7062.500000	-60.929455
7075.000000	-59.108878
7087.500000	-59.060895
7100.000000	-60.663198
7112.500000	-61.571821
7125.000000	-60.778405
7137.500000	-60.671199
7150.000000	-61.455345
7162.500000	-61.932022
7175.000000	-61.675079
7187.500000	-60.591404
7200.000000	-59.749046
7212.500000	-59.956529
7225.000000	-60.465573
7237.500000	-60.546264
7250.000000	-60.303223
7262.500000	-59.708540
7275.000000	-58.958598
7287.500000	-58.764710
7300.000000	-59.132712
7312.500000	-59.500673
7325.000000	-59.824026
7337.500000	-60.098166
7350.000000	-59.553172
7362.500000	-58.220369
7375.000000	-57.243288
7387.500000	-57.855495
7400.000000	-59.643705
7412.500000	-59.926293
7425.000000	-59.841842
7437.500000	-60.322260
7450.000000	-59.615531
7462.500000	-59.065104
7475.000000	-59.236664
7487.500000	-59.523859
7500.000000	-59.548947
7512.500000	-59.662272
7525.000000	-60.679369
7537.500000	-61.861791
7550.000000	-62.097844
7562.500000	-61.899217
7575.000000	-61.058141
7587.500000	-60.358886
7600.000000	-60.630986
7612.500000	-60.639587
7625.000000	-59.741906
7637.500000	-58.940459
7650.000000	-59.136999
7662.500000	-59.817895
7675.000000	-60.338721
7687.500000	-61.036894
7700.000000	-60.773498
7712.500000	-59.561127
7725.000000	-58.974127
7737.500000	-59.493412
7750.000000	-60.581120
7762.500000	-61.328055
7775.000000	-62.343084
7787.500000	-62.692178
7800.000000	-60.632972
7812.500000	-59.252357
7825.000000	-59.264899
7837.500000	-60.180661
7850.000000	-60.443261
7862.500000	-59.687690
7875.000000	-59.524493
7887.500000	-60.368512
7900.000000	-61.273282
7912.500000	-61.341108
7925.000000	-59.834950
7937.500000	-58.567998
7950.000000	-58.602779
7962.500000	-59.780029
7975.000000	-61.016684
7987.500000	-60.441853
8000.000000	-59.603900
8012.500000	-59.320958
8025.000000	-59.136980
8037.500000	-59.072888
8050.000000	-59.024199
8062.500000	-59.707323
8075.000000	-60.906265
8087.500000	-60.984607
8100.000000	-60.384796
8112.500000	-60.594226
8125.000000	-60.933287
8137.500000	-60.563049
8150.000000	-59.949113
8162.500000	-59.383668
8175.000000	-59.512749
8187.500000	-60.036719
8200.000000	-60.302064
8212.500000	-61.386984
8225.000000	-63.389619
8237.500000	-62.986422
8250.000000	-61.432644
8262.500000	-61.511274
8275.000000	-61.983455
8287.500000	-61.242433
8300.000000	-60.067804
8312.500000	-59.055651
8325.000000	-58.831663
8337.500000	-59.629687
8350.000000	-61.353286
8362.500000	-62.476236
8375.000000	-62.267399
8387.500000	-62.486675
8400.000000	-62.541643
8412.500000	-61.695404
8425.000000	-60.712475
8437.500000	-60.503342
8450.000000	-61.310940
8462.500000	-61.501560
8475.000000	-61.134311
8487.500000	-62.012177
8500.000000	-61.995022
8512.500000	-60.540240
8525.000000	-59.514013
8537.500000	-59.659731
8550.000000	-60.755488
8562.500000	-60.791775
8575.000000	-60.205250
8587.500000	-59.720772
8600.000000	-59.452556
8612.500000	-59.684637
8625.000000	-58.984038
8637.500000	-58.481250
8650.000000	-58.988880
8662.500000	-59.781626
8675.000000	-61.109261
8687.500000	-62.044423
8700.000000	-61.643708
8712.500000	-61.170455
8725.000000	-61.856712
8737.500000	-62.429452
8750.000000	-61.148668
8762.500000	-61.158340
8775.000000	-61.719063
8787.500000	-61.202025
8800.000000	-60.990723
8812.500000	-61.296544
8825.000000	-61.089057
8837.500000	-60.879676
8850.000000	-61.860867
8862.500000	-63.111192
8875.000000	-62.766773
8887.500000	-61.448508
8900.000000	-60.522857
8912.500000	-60.007841
8925.000000	-58.877495
8937.500000	-58.272247
8950.000000	-59.163673
8962.500000	-60.770605
8975.000000	-62.617813
8987.500000	-64.741517
9000.000000	-64.115745
9012.500000	-62.227285
9025.000000	-61.742536
9037.500000	-62.820165
9050.000000	-62.404160
9062.500000	-60.185546
9075.000000	-59.476623
9087.500000	-60.569564
9100.000000	-61.876610
9112.500000	-61.279298
9125.000000	-59.978556
9137.500000	-59.360538
9150.000000	-59.590898
9162.500000	-60.625015
9175.000000	-62.279015
9187.500000	-63.470986
9200.000000	-62.517190
9212.500000	-60.970050
9225.000000	-60.619976
9237.500000	-59.236131
9250.000000	-57.399372
9262.500000	-57.477099
9275.000000	-59.767492
9287.500000	-61.717335
9300.000000	-60.716626
9312.500000	-60.169708
9325.000000	-59.839297
9337.500000	-59.655842
9350.000000	-60.454380
9362.500000	-61.420588
9375.000000	-61.197388
9387.500000	-60.921448
9400.000000	-61.258984
9412.500000	-62.161326
9425.000000	-62.046805
9437.500000	-60.356622
9450.000000	-59.115224
9462.500000	-58.759792
9475.000000	-59.085592
9487.500000	-59.754222
9500.000000	-59.856499
9512.500000	-59.032759
9525.000000	-58.360846
9537.500000	-58.360196
9550.000000	-58.652266
9562.500000	-59.268899
9575.000000	-60.181897
9587.500000	-60.490317
9600.000000	-59.747028
9612.500000	-59.393765
9625.000000	-59.964319
9637.500000	-60.779200
9650.000000	-61.116107
9662.500000	-60.924036
9675.000000	-60.797460
9687.500000	-61.202869
9700.000000	-62.396349
9712.500000	-62.872625
9725.000000	-62.331625
9737.500000	-62.189673
9750.000000	-61.805301
9762.500000	-61.461886
9775.000000	-61.150718
9787.500000	-60.902416
9800.000000	-61.495353
9812.500000	-61.464201
9825.000000	-60.537355
9837.500000	-60.834133
9850.000000	-61.749029
9862.500000	-61.281837
9875.000000	-60.369416
9887.500000	-60.312103
9900.000000	-61.100523
9912.500000	-61.228882
9925.000000	-59.751618
9937.500000	-55.743935
9950.000000	-35.084661
9962.500000	-19.392667
9975.000000	-8.974065
9987.500000	-2.980598
10000.000000	-1.002294
10012.500000	-2.915649
10025.000000	-8.844532
10037.500000	-19.208210
10050.000000	-34.938653
10062.500000	-57.660524
10075.000000	-60.702163
10087.500000	-59.607372
10100.000000	-59.759518
10112.500000	-59.841212
10125.000000	-59.399375
10137.500000	-59.463214
10150.000000	-60.266876
10162.500000	-61.334559
10175.000000	-61.840402
10187.500000	-61.592542
10200.000000	-61.760936
10212.500000	-62.209039
10225.000000	-62.065419
10237.500000	-61.487202
10250.000000	-60.548413
10262.500000	-59.817164
10275.000000	-60.332559
10287.500000	-61.194770
10300.000000	-60.696223
10312.500000	-59.682637
10325.000000	-59.153963
10337.500000	-59.416151
10350.000000	-59.838180
10362.500000	-60.407470
10375.000000	-60.864620
10387.500000	-60.404439
10400.000000	-59.888873
10412.500000	-59.885081
10425.000000	-60.579630
10437.500000	-60.585869
10450.000000	-59.341491
10462.500000	-58.625711
10475.000000	-59.331580
10487.500000	-60.975477
10500.000000	-61.616054
10512.500000	-60.807683
10525.000000	-59.827896
10537.500000	-59.555157
10550.000000	-60.133116
10562.500000	-61.250217
10575.000000	-62.847482
10587.500000	-63.222930
10600.000000	-61.094854
10612.500000	-59.820347
10625.000000	-60.119065
10637.500000	-61.189321
10650.000000	-61.991615
10662.500000	-61.736863
10675.000000	-61.216783
10687.500000	-61.093725
10700.000000	-60.904936
10712.500000	-60.268533
10725.000000	-59.967762
10737.500000	-59.888314
10750.000000	-59.964596
10762.500000	-60.019475
10775.000000	-59.390747
10787.500000	-59.011387
10800.000000	-59.697210
10812.500000	-59.961967
10825.000000	-59.501164
10837.500000	-59.919845
10850.000000	-61.496998
10862.500000	-62.313647
10875.000000	-60.679944
10887.500000	-59.197079
10900.000000	-58.794009
10912.500000	-58.964707
10925.000000	-59.621214
10937.500000	-60.948250
10950.000000	-62.765069
10962.500000	-63.569974
10975.000000	-63.363084
10987.500000	-63.568693
11000.000000	-64.024450
11012.500000	-63.279679
11025.000000	-61.808552
11037.500000	-60.570001
11050.000000	-60.328749
11062.500000	-60.884245
11075.000000	-61.765233
11087.500000	-62.398863
11100.000000	-61.451743
11112.500000	-60.763065
11125.000000	-60.630453
11137.500000	-60.213633
11150.000000	-59.732705
11162.500000	-59.502185
11175.000000	-59.868026
11187.500000	-60.389453
11200.000000	-60.760166
11212.500000	-60.268614
11225.000000	-58.683129
11237.500000	-57.811449
11250.000000	-58.363233
11262.500000	-59.491795
11275.000000	-60.006421
11287.500000	-60.277860
11300.000000	-60.834528
11312.500000	-61.167008
11325.000000	-61.890496
11337.500000	-63.260040
11350.000000	-61.378215
11362.500000	-59.025236
11375.000000	-58.259582
11387.500000	-58.256578
11400.000000	-58.910166
11412.500000	-60.128836
11425.000000	-60.441311
11437.500000	-59.794028
11450.000000	-60.064842
11462.500000	-61.372489
11475.000000	-61.679239
11487.500000	-61.218572
11500.000000	-60.918589
11512.500000	-60.916952
11525.000000	-60.904165
11537.500000	-60.770763
11550.000000	-61.977155
11562.500000	-63.386347
11575.000000	-60.639346
11587.500000	-58.852138
11600.000000	-58.870164
11612.500000	-59.527543
11625.000000	-60.672394
11637.500000	-61.267317
11650.000000	-60.914337
11662.500000	-60.043198
11675.000000	-59.080516
11687.500000	-58.556199
11700.000000	-58.375188
11712.500000	-58.815172
11725.000000	-59.673799
11737.500000	-60.463094
11750.000000	-61.491262
11762.500000	-61.712161
11775.000000	-61.031442
11787.500000	-61.195224
11800.000000	-62.886596
11812.500000	-63.342711
11825.000000	-61.131765
11837.500000	-60.311565
11850.000000	-60.520151
11862.500000	-60.516923
11875.000000	-61.021565
11887.500000	-61.651800
11900.000000	-61.915287
11912.500000	-61.370594
11925.000000	-60.422876
11937.500000	-59.618038
11950.000000	-59.312856
11962.500000	-59.591352
11975.000000	-59.683319
11987.500000	-59.353738
12000.000000	-60.024084
12012.500000	-61.443743
12025.000000	-62.199794
12037.500000	-62.153990
12050.000000	-61.633604
12062.500000	-60.910280
12075.000000	-60.916362
12087.500000	-61.580359
12100.000000	-61.775268
12112.500000	-60.975669
12125.000000	-60.660620
12137.500000	-61.023102
12150.000000	-61.217047
12162.500000	-60.806643
12175.000000	-60.191395
12187.500000	-59.421460
12200.000000	-59.482986
12212.500000	-60.355971
12225.000000	-60.436340
12237.500000	-60.864799
12250.000000	-61.979201
12262.500000	-61.513382
12275.000000	-60.172579
12287.500000	-59.220098
12300.000000	-58.804987
12312.500000	-58.739321
12325.000000	-58.644021
12337.500000	-58.256744
12350.000000	-58.302439
12362.500000	-59.605797
12375.000000	-61.146097
12387.500000	-61.342533
12400.000000	-61.045107
12412.500000	-61.203718
12425.000000	-62.055025
12437.500000	-62.738019
12450.000000	-62.007839
12462.500000	-61.225548
12475.000000	-61.500945
12487.500000	-62.245933
12500.000000	-62.181830
12512.500000	-61.608163
12525.000000	-61.349443
12537.500000	-61.208052
12550.000000	-60.706400
12562.500000	-59.982032
12575.000000	-59.452998
12587.500000	-59.042732
12600.000000	-58.809701
12612.500000	-58.349541
12625.000000	-58.153982
12637.500000	-58.799544
12650.000000	-59.705021
12662.500000	-60.306233
12675.000000	-60.403305
12687.500000	-59.876016
12700.000000	-59.632048
12712.500000	-59.912058
12725.000000	-59.764826
12737.500000	-59.590611
12750.000000	-59.996146
12762.500000	-60.554068
12775.000000	-60.850969
12787.500000	-61.513774
12800.000000	-62.230524
12812.500000	-62.409504
12825.000000	-62.669927
12837.500000	-61.822214
12850.000000	-60.699059
12862.500000	-60.815078
12875.000000	-60.367654
12887.500000	-58.987937
12900.000000	-58.363129
12912.500000	-58.626564
12925.000000	-59.174211
12937.500000	-59.279543
12950.000000	-59.405384
12962.500000	-60.108889
12975.000000	-60.207590
12987.500000	-59.500602
13000.000000	-59.007409
13012.500000	-59.366467
13025.000000	-60.222701
13037.500000	-60.353936
13050.000000	-59.486721
13062.500000	-58.509461
13075.000000	-58.272149
13087.500000	-59.433364
13100.000000	-61.659384
13112.500000	-62.450875
13125.000000	-61.520068
13137.500000	-60.730803
13150.000000	-60.392569
13162.500000	-60.077572
13175.000000	-60.225881
13187.500000	-61.009438
13200.000000	-61.319263
13212.500000	-60.972748
13225.000000	-60.912940
13237.500000	-61.171681
13250.000000	-61.263056
13262.500000	-61.008802
13275.000000	-61.253135
13287.500000	-61.613522
13300.000000	-61.274345
13312.500000	-60.127758
13325.000000	-59.283539
13337.500000	-59.752264
13350.000000	-60.744098
13362.500000	-60.646430
13375.000000	-60.150867
13387.500000	-60.460255
13400.000000	-61.229064
13412.500000	-61.318747
13425.000000	-61.031853
13437.500000	-61.203684
13450.000000	-61.530684
13462.500000	-62.162658
13475.000000	-62.574341
13487.500000	-61.241300
13500.000000	-60.530853
13512.500000	-60.498073
13525.000000	-60.121171
13537.500000	-60.121246
13550.000000	-60.974848
13562.500000	-61.645081
13575.000000	-61.763004
13587.500000	-61.592713
13600.000000	-60.513911
13612.500000	-59.506034
13625.000000	-59.524079
13637.500000	-60.823071
13650.000000	-61.911474
13662.500000	-60.732548
13675.000000	-59.945257
13687.500000	-60.235382
13700.000000	-60.330768
13712.500000	-59.915912
13725.000000	-59.766858
13737.500000	-60.151078
13750.000000	-60.170977
13762.500000	-59.859375
13775.000000	-60.204264
13787.500000	-61.084157
13800.000000	-61.002017
13812.500000	-59.944765
13825.000000	-59.926204
13837.500000	-60.448338
13850.000000	-60.088792
13862.500000	-59.876858
13875.000000	-60.647742
13887.500000	-61.421540
13900.000000	-60.717445
13912.500000	-59.900557
13925.000000	-60.225944
13937.500000	-61.466343
13950.000000	-62.330470
13962.500000	-62.396910
13975.000000	-62.124539
13987.500000	-61.868384
14000.000000	-61.335174
14012.500000	-61.094059
14025.000000	-61.336070
14037.500000	-60.671411
14050.000000	-59.834519
14062.500000	-60.073639
14075.000000	-60.790223
14087.500000	-60.598482
14100.000000	-60.562938
14112.500000	-60.973876
14125.000000	-61.367362
14137.500000	-61.750938
14150.000000	-62.554441
14162.500000	-62.030852
14175.000000	-60.458349
14187.500000	-59.607141
14200.000000	-59.485539
14212.500000	-60.142501
14225.000000	-60.743720
14237.500000	-60.282306
14250.000000	-59.592883
14262.500000	-58.825983
14275.000000	-58.193569
14287.500000	-58.476311
14300.000000	-59.537964
14312.500000	-60.711326
14325.000000	-61.348825
14337.500000	-60.680767
14350.000000	-60.177770
14362.500000	-60.813965
14375.000000	-61.515113
14387.500000	-61.388371
14400.000000	-61.384763
14412.500000	-61.214526
14425.000000	-61.270380
14437.500000	-62.567030
14450.000000	-64.338661
14462.500000	-63.292580
14475.000000	-61.228841
14487.500000	-60.298636
14500.000000	-60.481856
14512.500000	-60.825735
14525.000000	-60.727010
14537.500000	-60.600707
14550.000000	-60.280468
14562.500000	-60.223854
14575.000000	-60.038364
14587.500000	-59.546737
14600.000000	-59.824852
14612.500000	-60.946051
14625.000000	-61.218511
14637.500000	-60.395662
14650.000000	-60.487657
14662.500000	-61.684554
14675.000000	-61.951655
14687.500000	-61.828619
14700.000000	-62.073813
14712.500000	-61.148533
14725.000000	-60.598291
14737.500000	-61.395107
14750.000000	-62.282879
14762.500000	-61.141214
14775.000000	-59.603230
14787.500000	-59.433301
14800.000000	-60.080577
14812.500000	-60.973299
14825.000000	-61.533568
14837.500000	-60.916949
14850.000000	-60.482192
14862.500000	-60.652693
14875.000000	-61.424515
14887.500000	-62.041525
14900.000000	-61.340042
14912.500000	-60.424549
14925.000000	-59.968576
14937.500000	-59.625855
14950.000000	-59.675417
14962.500000	-59.302287
14975.000000	-58.319792
14987.500000	-58.291917
15000.000000	-59.547921
15012.500000	-61.067795
15025.000000	-61.075757
15037.500000	-60.115158
15050.000000	-59.671093
15062.500000	-60.398577
15075.000000	-61.922633
15087.500000	-61.810960
15100.000000	-59.911407
15112.500000	-59.023868
15125.000000	-59.747188
15137.500000	-60.091103
15150.000000	-59.646511
15162.500000	-60.064996
15175.000000	-60.408975
15187.500000	-60.646974
15200.000000	-61.936071
15212.500000	-63.466393
15225.000000	-62.617157
15237.500000	-60.876054
15250.000000	-60.385531
15262.500000	-61.041051
15275.000000	-61.469324
15287.500000	-61.580676
15300.000000	-62.274104
15312.500000	-62.797354
15325.000000	-62.182735
15337.500000	-60.632066
15350.000000	-59.780553
15362.500000	-60.302817
15375.000000	-61.026524
15387.500000	-61.100377
15400.000000	-60.449683
15412.500000	-59.623177
15425.000000	-60.062768
15437.500000	-61.284225
15450.000000	-61.486842
15462.500000	-61.128902
15475.000000	-61.025605
15487.500000	-61.137500
15500.000000	-61.344953
15512.500000	-61.437247
15525.000000	-61.501454
15537.500000	-61.152690
15550.000000	-59.957365
15562.500000	-59.127488
15575.000000	-59.862648
15587.500000	-61.060786
15600.000000	-61.011759
15612.500000	-61.321058
15625.000000	-62.235569
15637.500000	-61.911947
15650.000000	-60.503848
15662.500000	-59.402593
15675.000000	-58.304952
15687.500000	-57.956229
15700.000000	-59.223006
15712.500000	-60.653568
15725.000000	-60.403605
15737.500000	-60.545544
15750.000000	-62.209674
15762.500000	-63.601595
15775.000000	-63.571482
15787.500000	-62.597510
15800.000000	-61.464542
15812.500000	-60.487261
15825.000000	-59.974720
15837.500000	-60.416592
15850.000000	-61.381417
15862.500000	-61.514577
15875.000000	-61.282623
15887.500000	-60.783296
15900.000000	-60.046671
15912.500000	-60.244535
15925.000000	-61.173382
15937.500000	-61.627508
15950.000000	-61.978606
15962.500000	-63.281519
15975.000000	-63.940045
15987.500000	-62.659627
16000.000000	-61.140165
16012.500000	-59.940346
16025.000000	-59.089508
16037.500000	-58.941844
16050.000000	-59.690272
16062.500000	-60.723080
16075.000000	-61.141772
16087.500000	-61.187986
16100.000000	-60.868175
16112.500000	-60.054955
16125.000000	-59.477935
16137.500000	-59.992953
16150.000000	-60.985895
16162.500000	-61.362696
16175.000000	-62.259631
16187.500000	-63.460520
16200.000000	-62.811490
16212.500000	-60.972165
16225.000000	-59.245870
16237.500000	-58.250222
16250.000000	-58.533652
16262.500000	-59.938627
16275.000000	-61.672791
16287.500000	-62.122173
16300.000000	-61.186474
16312.500000	-60.349791
16325.000000	-59.862682
16337.500000	-59.965938
16350.000000	-60.264153
16362.500000	-59.898613
16375.000000	-59.742939
16387.500000	-60.528926
16400.000000	-61.600492
16412.500000	-61.866002
16425.000000	-60.842068
16437.500000	-59.252566
16450.000000	-58.167947
16462.500000	-57.689883
16475.000000	-57.806877
16487.500000	-58.137047
16500.000000	-58.129519
16512.500000	-58.208932
16525.000000	-59.002888
16537.500000	-59.910351
16550.000000	-59.359363
16562.500000	-58.765868
16575.000000	-59.775249
16587.500000	-61.347197
16600.000000	-61.267770
16612.500000	-59.988550
16625.000000	-59.067795
16637.500000	-58.923397
16650.000000	-59.581764
16662.500000	-60.673864
16675.000000	-60.621598
16687.500000	-60.651878
16700.000000	-62.103840
16712.500000	-62.460599
16725.000000	-61.394974
16737.500000	-61.734673
16750.000000	-62.604286
16762.500000	-62.368293
16775.000000	-60.647287
16787.500000	-59.377978
16800.000000	-59.208404
16812.500000	-59.463360
16825.000000	-59.686488
16837.500000	-59.447642
16850.000000	-59.338028
16862.500000	-60.034157
16875.000000	-61.051547
16887.500000	-61.906875
16900.000000	-62.738197
16912.500000	-62.425441
16925.000000	-61.469565
16937.500000	-61.123957
16950.000000	-61.364074
16962.500000	-60.770169
16975.000000	-59.589493
16987.500000	-59.187472
17000.000000	-59.686041
17012.500000	-60.254138
17025.000000	-61.058063
17037.500000	-61.739492
17050.000000	-60.885087
17062.500000	-60.335428
17075.000000	-60.639298
17087.500000	-60.001555
17100.000000	-58.727031
17112.500000	-58.035219
17125.000000	-57.752409
17137.500000	-58.007413
17150.000000	-59.108649
17162.500000	-60.426892
17175.000000	-60.818084
17187.500000	-61.330431
17200.000000	-62.317119
17212.500000	-61.370192
17225.000000	-59.929300
17237.500000	-60.161215
17250.000000	-61.771017
17262.500000	-62.627990
17275.000000	-62.244990
17287.500000	-61.373937
17300.000000	-59.536475
17312.500000	-57.923294
17325.000000	-57.720471
17337.500000	-59.048463
17350.000000	-60.634134
17362.500000	-60.410465
17375.000000	-59.667931
17387.500000	-59.399550
17400.000000	-59.249974
17412.500000	-59.437229
17425.000000	-59.997615
17437.500000	-60.531300
17450.000000	-60.665568
17462.500000	-60.601279
17475.000000	-60.618664
17487.500000	-60.520978
17500.000000	-60.558242
17512.500000	-61.052138
17525.000000	-60.747837
17537.500000	-59.647707
17550.000000	-59.792919
17562.500000	-61.373130
17575.000000	-61.942995
17587.500000	-60.246168
17600.000000	-58.930089
17612.500000	-58.913220
17625.000000	-59.513375
17637.500000	-59.832977
17650.000000	-60.416902
17662.500000	-60.580899
17675.000000	-59.955771
17687.500000	-60.542337
17700.000000	-63.341967
17712.500000	-64.272327
17725.000000	-61.407860
17737.500000	-59.845231
17750.000000	-59.730477
17762.500000	-60.351992
17775.000000	-61.024743
17787.500000	-61.053015
17800.000000	-59.886648
17812.500000	-59.267453
17825.000000	-59.895963
17837.500000	-60.450016
17850.000000	-60.656865
17862.500000	-59.964772
17875.000000	-58.653589
17887.500000	-57.832926
17900.000000	-57.914774
17912.500000	-59.035505
17925.000000	-60.391903
17937.500000	-60.662423
17950.000000	-60.718439
17962.500000	-61.211008
17975.000000	-60.874733
17987.500000	-59.548732
18000.000000	-58.588467
18012.500000	-58.604745
18025.000000	-59.638931
18037.500000	-60.861445
18050.000000	-61.308639
18062.500000	-61.792963
18075.000000	-62.300334
18087.500000	-60.764331
18100.000000	-59.298938
18112.500000	-59.468926
18125.000000	-60.309261
18137.500000	-60.879776
18150.000000	-60.419783
18162.500000	-59.821765
18175.000000	-60.230442
18187.500000	-61.257891
18200.000000	-61.624364
18212.500000	-61.752149
18225.000000	-62.354107
18237.500000	-62.299498
18250.000000	-62.402666
18262.500000	-62.514846
18275.000000	-61.238740
18287.500000	-59.943979
18300.000000	-59.625678
18312.500000	-60.244650
18325.000000	-61.174178
18337.500000	-61.714102
18350.000000	-62.367058
18362.500000	-63.177894
18375.000000	-62.060701
18387.500000	-60.758918
18400.000000	-60.289495
18412.500000	-59.389386
18425.000000	-58.924637
18437.500000	-59.927982
18450.000000	-60.704861
18462.500000	-60.850310
18475.000000	-61.747960
18487.500000	-61.903387
18500.000000	-60.849169
18512.500000	-60.125933
18525.000000	-59.933910
18537.500000	-60.446032
18550.000000	-59.724939
18562.500000	-58.489718
18575.000000	-59.098608
18587.500000	-60.841876
18600.000000	-61.092695
18612.500000	-60.408123
18625.000000	-59.847162
18637.500000	-60.159766
18650.000000	-61.258775
18662.500000	-61.587267
18675.000000	-60.831133
18687.500000	-60.307837
18700.000000	-60.188874
18712.500000	-60.124834
18725.000000	-60.430903
18737.500000	-61.132744
18750.000000	-61.719764
18762.500000	-61.845607
18775.000000	-61.994614
18787.500000	-61.963731
18800.000000	-61.559500
18812.500000	-61.049916
18825.000000	-60.427183
18837.500000	-59.920931
18850.000000	-59.860113
18862.500000	-60.521096
18875.000000	-61.522015
18887.500000	-62.036242
18900.000000	-61.739208
18912.500000	-61.480860
18925.000000	-61.667063
18937.500000	-60.676733
18950.000000	-59.066872
18962.500000	-58.708474
18975.000000	-59.194643
18987.500000	-59.419246
19000.000000	-59.309368
19012.500000	-59.408346
19025.000000	-60.037741
19037.500000	-60.943163
19050.000000	-60.853110
19062.500000	-59.816645
19075.000000	-59.791679
19087.500000	-60.650874
19100.000000	-61.556083
19112.500000	-61.252837
19125.000000	-60.790292
19137.500000	-61.919617
19150.000000	-62.901775
19162.500000	-62.196274
19175.000000	-61.311504
19187.500000	-60.606309
19200.000000	-60.103227
19212.500000	-59.886630
19225.000000	-60.531272
19237.500000	-61.924973
19250.000000	-62.140959
19262.500000	-61.607449
19275.000000	-61.839526
19287.500000	-62.036288
19300.000000	-61.251826
19312.500000	-60.177737
19325.000000	-60.244717
19337.500000	-61.151003
19350.000000	-60.538435
19362.500000	-59.364098
19375.000000	-58.875333
19387.500000	-59.214640
19400.000000	-60.835009
19412.500000	-63.207500
19425.000000	-64.240289
19437.500000	-63.159437
19450.000000	-61.418697
19462.500000	-61.002698
19475.000000	-62.230495
19487.500000	-61.846354
19500.000000	-59.995321
19512.500000	-58.759390
19525.000000	-58.452283
19537.500000	-58.672182
19550.000000	-58.774473
19562.500000	-59.153932
19575.000000	-60.050063
19587.500000	-60.427633
19600.000000	-59.944353
19612.500000	-59.548235
19625.000000	-59.953445
19637.500000	-60.703578
19650.000000	-60.204813
19662.500000	-59.001749
19675.000000	-58.579139
19687.500000	-59.250050
19700.000000	-60.928157
19712.500000	-61.968771
19725.000000	-61.456621
19737.500000	-61.462248
19750.000000	-62.358905
19762.500000	-64.100489
19775.000000	-64.635539
19787.500000	-62.348841
19800.000000	-60.518186
19812.500000	-60.002949
19825.000000	-60.431475
19837.500000	-61.232159
19850.000000	-61.532334
19862.500000	-60.428141
19875.000000	-59.350544
19887.500000	-59.149559
19900.000000	-59.511272
19912.500000	-59.632805
19925.000000	-59.952788
19937.500000	-60.734073
19950.000000	-59.495534
19962.500000	-52.502185
19975.000000	-43.937843
19987.500000	-38.343122
20000.000000	-36.477784
20012.500000	-38.395919
20025.000000	-44.153179
20037.500000	-53.231993
20050.000000	-59.905862
20062.500000	-61.912743
20075.000000	-62.173597
20087.500000	-60.818356
20100.000000	-59.177874
20112.500000	-58.488530
20125.000000	-59.337826
20137.500000	-61.032980
20150.000000	-61.796011
20162.500000	-61.210217
20175.000000	-59.896878
20187.500000	-59.076143
20200.000000	-59.310604
20212.500000	-59.955097
20225.000000	-60.298325
20237.500000	-59.966325
20250.000000	-59.791025
20262.500000	-60.284033
20275.000000	-60.703099
20287.500000	-60.574628
20300.000000	-60.157226
20312.500000	-59.809329
20325.000000	-60.059712
20337.500000	-60.529955
20350.000000	-60.474474
20362.500000	-60.024702
20375.000000	-59.936522
20387.500000	-60.444604
20400.000000	-60.813436
20412.500000	-60.561413
20425.000000	-60.024636
20437.500000	-59.511576
20450.000000	-59.506059
20462.500000	-59.726375
20475.000000	-59.613978
20487.500000	-59.628834
20500.000000	-59.986688
20512.500000	-60.175590
20525.000000	-60.392326
20537.500000	-60.444412
20550.000000	-59.708339
20562.500000	-59.108496
20575.000000	-59.198772
20587.500000	-59.600308
20600.000000	-59.490320
20612.500000	-59.113481
20625.000000	-59.157378
20637.500000	-59.070340
20650.000000	-58.509907
20662.500000	-58.502395
20675.000000	-59.253214
20687.500000	-59.731484
20700.000000	-58.726521
20712.500000	-57.649011
20725.000000	-58.061688
20737.500000	-59.948577
20750.000000	-61.132778
20762.500000	-60.112655
20775.000000	-60.068064
20787.500000	-61.241135
20800.000000	-62.090504
20812.500000	-62.773453
20825.000000	-62.891831
20837.500000	-61.005825
20850.000000	-59.099777
20862.500000	-58.349703
20875.000000	-58.610210
20887.500000	-59.674927
20900.000000	-60.650105
20912.500000	-60.766753
20925.000000	-60.649778
20937.500000	-60.787267
20950.000000	-60.580039
20962.500000	-60.222942
20975.000000	-60.759559
20987.500000	-62.068381
21000.000000	-62.966909
21012.500000	-63.144913
21025.000000	-61.713853
21037.500000	-60.136559
21050.000000	-60.222698
21062.500000	-61.264971
21075.000000	-61.796313
21087.500000	-61.296703
21100.000000	-60.495546
21112.500000	-60.282933
21125.000000	-59.983513
21137.500000	-59.117510
21150.000000	-58.518158
21162.500000	-58.257696
21175.000000	-58.721215
21187.500000	-59.914384
21200.000000	-60.515738
21212.500000	-60.676147
21225.000000	-60.839321
21237.500000	-61.060415
21250.000000	-62.009286
21262.500000	-62.101277
21275.000000	-60.470825
21287.500000	-59.445333
21300.000000	-59.171459
21312.500000	-59.441878
21325.000000	-60.237985
21337.500000	-60.693514
21350.000000	-60.912431
21362.500000	-61.039438
21375.000000	-60.335568
21387.500000	-59.562844
21400.000000	-59.660238
21412.500000	-60.632124
21425.000000	-61.508054
21437.500000	-61.457863
21450.000000	-60.413122
21462.500000	-59.578796
21475.000000	-59.320973
21487.500000	-59.506184
21500.000000	-60.187154
21512.500000	-60.278225
21525.000000	-60.227223
21537.500000	-61.322151
21550.000000	-61.943152
21562.500000	-60.534948
21575.000000	-59.553480
21587.500000	-60.093183
21600.000000	-61.145615
21612.500000	-61.362494
21625.000000	-61.200981
21637.500000	-60.853498
21650.000000	-60.339017
21662.500000	-60.045100
21675.000000	-60.360760
21687.500000	-61.301178
21700.000000	-62.299927
21712.500000	-62.459287
21725.000000	-62.195183
21737.500000	-62.597015
21750.000000	-62.178908
21762.500000	-60.792355
21775.000000	-60.395883
21787.500000	-60.714111
21800.000000	-61.151576
21812.500000	-60.904277
21825.000000	-59.826152
21837.500000	-59.486673
21850.000000	-60.254342
21862.500000	-60.977101
21875.000000	-60.806290
21887.500000	-60.421427
21900.000000	-60.329689
21912.500000	-60.405394
21925.000000	-60.069566
21937.500000	-59.291752
21950.000000	-58.443371
21962.500000	-58.656672
21975.000000	-59.882065
21987.500000	-61.291627
22000.000000	-62.516968
22012.500000	-62.838044
22025.000000	-61.846510
22037.500000	-60.622997
22050.000000	-59.900500
22062.500000	-59.386343
22075.000000	-59.912119
22087.500000	-61.420104
22100.000000	-62.339374
22112.500000	-62.438103
22125.000000	-62.604521
22137.500000	-61.936079
22150.000000	-59.719617
22162.500000	-58.029908
22175.000000	-57.500754
22187.500000	-58.477344
22200.000000	-60.530356
22212.500000	-61.401564
22225.000000	-61.437831
22237.500000	-61.677742
22250.000000	-61.365217
22262.500000	-61.380302
22275.000000	-62.148938
22287.500000	-61.449784
22300.000000	-59.786440
22312.500000	-59.000525
22325.000000	-59.047079
22337.500000	-59.166800
22350.000000	-59.761830
22362.500000	-60.975846
22375.000000	-62.301564
22387.500000	-62.940751
22400.000000	-62.871637
22412.500000	-62.824056
22425.000000	-62.381433
22437.500000	-62.255544
22450.000000	-62.277236
22462.500000	-61.149029
22475.000000	-59.727611
22487.500000	-59.279501
22500.000000	-60.143689
22512.500000	-61.572050
22525.000000	-62.274408
22537.500000	-61.758482
22550.000000	-61.039348
22562.500000	-61.478471
22575.000000	-62.838723
22587.500000	-63.065332
22600.000000	-61.902575
22612.500000	-60.594078
22625.000000	-59.673563
22637.500000	-59.342394
22650.000000	-59.862254
22662.500000	-61.075102
22675.000000	-62.184576
22687.500000	-62.758301
22700.000000	-62.417781
22712.500000	-61.925293
22725.000000	-61.486759
22737.500000	-60.968269
22750.000000	-61.323375
22762.500000	-61.550241
22775.000000	-60.890639
22787.500000	-61.094609
22800.000000	-61.051429
22812.500000	-59.977729
22825.000000	-59.617096
22837.500000	-59.875677
22850.000000	-59.929091
22862.500000	-60.253069
22875.000000	-60.868761
22887.500000	-60.739128
22900.000000	-60.285437
22912.500000	-60.119831
22925.000000	-59.887721
22937.500000	-59.965688
22950.000000	-60.885630
22962.500000	-61.937789
22975.000000	-62.490167
22987.500000	-62.659965
23000.000000	-62.978642
23012.500000	-62.294434
23025.000000	-60.486655
23037.500000	-59.632532
23050.000000	-60.129049
23062.500000	-61.344298
23075.000000	-61.439853
23087.500000	-60.561736
23100.000000	-60.749667
23112.500000	-61.024607
23125.000000	-60.082797
23137.500000	-59.757135
23150.000000	-59.641613
23162.500000	-59.424132
23175.000000	-59.615921
23187.500000	-60.496440
23200.000000	-62.112438
23212.500000	-62.710263
23225.000000	-61.716461
23237.500000	-59.879576
23250.000000	-58.670668
23262.500000	-59.130964
23275.000000	-60.691992
23287.500000	-61.417004
23300.000000	-61.825545
23312.500000	-61.751293
23325.000000	-61.059516
23337.500000	-61.689405
23350.000000	-62.010694
23362.500000	-60.265102
23375.000000	-59.354010
23387.500000	-59.665293
23400.000000	-60.558329
23412.500000	-61.449940
23425.000000	-61.015978
23437.500000	-59.734335
23450.000000	-58.989960
23462.500000	-58.919280
23475.000000	-59.635205
23487.500000	-60.826997
23500.000000	-61.666927
23512.500000	-62.264415
23525.000000	-61.450877
23537.500000	-60.102836
23550.000000	-60.181717
23562.500000	-61.395573
23575.000000	-62.141314
23587.500000	-61.637641
23600.000000	-61.112866
23612.500000	-61.810690
23625.000000	-62.907244
23637.500000	-63.089871
23650.000000	-61.808228
23662.500000	-60.142409
23675.000000	-58.796158
23687.500000	-58.134020
23700.000000	-58.702341
23712.500000	-60.133675
23725.000000	-61.088253
23737.500000	-60.680557
23750.000000	-60.488986
23762.500000	-61.148124
23775.000000	-61.206518
23787.500000	-60.003721
23800.000000	-59.566109
23812.500000	-60.420582
23825.000000	-60.848364
23837.500000	-60.025288
23850.000000	-59.577089
23862.500000	-59.904293
23875.000000	-59.824389
23887.500000	-59.770314
23900.000000	-60.381293
23912.500000	-60.897218
23925.000000	-60.991126
23937.500000	-59.853711
23950.000000	-58.318960
23962.500000	-58.090232
23975.000000	-59.306787
23987.500000	-60.415669
24000.000000	-59.524325
24012.500000	-58.339592
24025.000000	-58.923075
24037.500000	-60.553388
24050.000000	-60.754655
24062.500000	-60.100021
24075.000000	-59.397476
24087.500000	-59.388630
24100.000000	-60.222644
24112.500000	-60.936917
24125.000000	-61.620724
24137.500000	-62.149799
24150.000000	-62.291464
24162.500000	-61.836907
24175.000000	-60.884796
24187.500000	-60.900196
24200.000000	-62.012097
24212.500000	-63.029412
24225.000000	-62.935617
24237.500000	-61.966856
24250.000000	-61.052667
24262.500000	-60.516378
24275.000000	-60.852145
24287.500000	-61.981977
24300.000000	-61.476798
24312.500000	-60.685140
24325.000000	-61.008579
24337.500000	-61.830764
24350.000000	-62.726273
24362.500000	-64.201204
24375.000000	-65.183817
24387.500000	-64.427299
24400.000000	-63.004924
24412.500000	-62.266755
24425.000000	-62.006922
24437.500000	-61.676391
24450.000000	-61.217891
24462.500000	-60.305976
24475.000000	-59.391513
24487.500000	-59.389852
24500.000000	-60.109518
24512.500000	-60.286364
24525.000000	-59.772019
24537.500000	-59.760411
24550.000000	-60.556345
24562.500000	-60.822413
24575.000000	-59.825189
24587.500000	-59.071886
24600.000000	-59.072577
24612.500000	-59.186496
24625.000000	-58.746899
24637.500000	-58.130520
24650.000000	-58.069072
24662.500000	-58.877890
24675.000000	-60.500347
24687.500000	-61.892445
24700.000000	-61.165400
24712.500000	-59.921881
24725.000000	-59.531222
24737.500000	-60.397546
24750.000000	-62.115081
24762.500000	-62.668951
24775.000000	-61.780380
24787.500000	-60.768901
24800.000000	-60.492897
24812.500000	-61.546597
24825.000000	-61.815754
24837.500000	-60.764956
24850.000000	-60.447204
24862.500000	-60.198163
24875.000000	-59.045866
24887.500000	-58.133447
24900.000000	-58.420101
24912.500000	-59.612116
24925.000000	-60.874005
24937.500000	-61.595403
24950.000000	-61.343923
24962.500000	-60.392290
24975.000000	-59.711716
24987.500000	-60.221391
25000.000000	-61.044621
25012.500000	-61.944373
25025.000000	-63.985533
25037.500000	-64.853324
25050.000000	-62.525129
25062.500000	-61.959973
25075.000000	-62.344995
25087.500000	-61.178288
25100.000000	-60.251399
25112.500000	-60.859717
25125.000000	-61.977708
25137.500000	-61.661009
25150.000000	-60.625514
25162.500000	-59.681947
25175.000000	-59.501514
25187.500000	-60.275288
25200.000000	-61.366148
25212.500000	-62.779115
25225.000000	-62.813380
25237.500000	-60.918282
25250.000000	-60.107379
25262.500000	-60.272390
25275.000000	-60.131887
25287.500000	-60.157785
25300.000000	-60.662112
25312.500000	-60.659605
25325.000000	-60.209827
25337.500000	-59.993295
25350.000000	-60.014055
25362.500000	-60.215394
25375.000000	-60.242040
25387.500000	-60.470271
25400.000000	-60.715627
25412.500000	-60.853713
25425.000000	-62.025405
25437.500000	-63.061947
25450.000000	-63.435757
25462.500000	-64.148839
25475.000000	-64.275710
25487.500000	-63.775673
25500.000000	-62.772804
25512.500000	-62.509804
25525.000000	-61.804980
25537.500000	-61.466851
25550.000000	-62.247142
25562.500000	-62.357043
25575.000000	-62.011861
25587.500000	-61.572855
25600.000000	-61.014288
25612.500000	-61.038857
25625.000000	-61.161537
25637.500000	-61.838830
25650.000000	-62.963929
25662.500000	-62.431837
25675.000000	-61.105002
25687.500000	-60.290914
25700.000000	-60.598410
25712.500000	-61.284791
25725.000000	-61.379663
25737.500000	-61.519514
25750.000000	-62.438449
25762.500000	-63.316706
25775.000000	-61.921976
25787.500000	-59.974508
25800.000000	-59.284893
25812.500000	-60.081716
25825.000000	-60.864919
25837.500000	-60.190514
25850.000000	-58.675798
25862.500000	-58.234366
25875.000000	-58.720141
25887.500000	-59.483980
25900.000000	-60.715888
25912.500000	-61.816506
25925.000000	-61.104326
25937.500000	-60.543629
25950.000000	-61.884333
25962.500000	-62.246014
25975.000000	-60.453685
25987.500000	-59.627465
26000.000000	-59.358528
26012.500000	-59.228936
26025.000000	-60.180845
26037.500000	-61.350058
26050.000000	-61.848907
26062.500000	-61.587410
26075.000000	-60.709938
26087.500000	-60.340111
26100.000000	-60.060234
26112.500000	-60.215170
26125.000000	-61.404757
26137.500000	-61.628047
26150.000000	-61.329081
26162.500000	-61.885467
26175.000000	-61.759497
26187.500000	-60.722415
26200.000000	-60.023876
26212.500000	-59.725368
26225.000000	-59.753350
26237.500000	-59.783960
26250.000000	-59.869762
26262.500000	-60.047787
26275.000000	-59.947611
26287.500000	-60.423366
26300.000000	-62.227829
26312.500000	-63.117936
26325.000000	-61.581529
26337.500000	-60.758489
26350.000000	-60.652325
26362.500000	-59.480613
26375.000000	-58.765999
26387.500000	-59.529971
26400.000000	-60.719320
26412.500000	-61.488665
26425.000000	-61.429272
26437.500000	-60.582532
26450.000000	-59.683966
26462.500000	-59.483191
26475.000000	-59.830200
26487.500000	-60.192664
26500.000000	-61.224736
26512.500000	-62.071727
26525.000000	-61.731123
26537.500000	-61.976577
26550.000000	-61.598328
26562.500000	-60.196513
26575.000000	-59.207241
26587.500000	-58.846420
26600.000000	-58.726372
26612.500000	-59.024842
26625.000000	-59.909976
26637.500000	-60.814801
26650.000000	-61.916958
26662.500000	-62.437521
26675.000000	-62.155528
26687.500000	-62.822385
26700.000000	-62.639705
26712.500000	-60.546265
26725.000000	-59.664702
26737.500000	-60.253204
26750.000000	-61.082383
26762.500000	-62.043186
26775.000000	-61.931936
26787.500000	-60.206557
26800.000000	-59.111422
26812.500000	-59.384468
26825.000000	-59.799833
26837.500000	-59.886555
26850.000000	-60.554850
26862.500000	-60.292094
26875.000000	-59.018283
26887.500000	-58.707417
26900.000000	-59.686979
26912.500000	-61.224204
26925.000000	-62.180539
26937.500000	-61.049701
26950.000000	-59.177188
26962.500000	-58.448823
26975.000000	-58.966322
26987.500000	-60.260844
27000.000000	-61.135680
27012.500000	-61.116583
27025.000000	-61.783060
27037.500000	-62.437098
27050.000000	-61.958076
27062.500000	-61.362468
27075.000000	-60.803360
27087.500000	-60.204930
27100.000000	-60.419042
27112.500000	-60.983811
27125.000000	-60.268976
27137.500000	-59.232556
27150.000000	-59.181140
27162.500000	-60.005039
27175.000000	-61.135356
27187.500000	-62.557250
27200.000000	-62.874639
27212.500000	-61.050663
27225.000000	-60.053470
27237.500000	-61.015644
27250.000000	-62.447733
27262.500000	-62.360684
27275.000000	-61.432642
27287.500000	-60.409864
27300.000000	-60.172715
27312.500000	-59.979224
27325.000000	-59.090124
27337.500000	-59.049212
27350.000000	-59.636676
27362.500000	-59.557302
27375.000000	-59.357448
27387.500000	-59.352987
27400.000000	-59.569836
27412.500000	-60.426517
27425.000000	-61.551048
27437.500000	-61.933042
27450.000000	-61.289672
27462.500000	-60.876976
27475.000000	-60.670124
27487.500000	-60.482482
27500.000000	-60.836513
27512.500000	-61.328492
27525.000000	-61.001925
27537.500000	-59.976049
27550.000000	-59.700031
27562.500000	-60.793414
27575.000000	-61.168717
27587.500000	-60.312851
27600.000000	-60.161213
27612.500000	-60.537435
27625.000000	-60.376176
27637.500000	-60.077981
27650.000000	-60.298051
27662.500000	-61.211234
27675.000000	-61.520090
27687.500000	-60.977780
27700.000000	-61.575032
27712.500000	-61.991136
27725.000000	-60.810199
27737.500000	-60.224362
27750.000000	-60.624377
27762.500000	-61.129663
27775.000000	-61.259481
27787.500000	-60.223983
27800.000000	-58.993831
27812.500000	-58.314897
27825.000000	-58.159044
27837.500000	-58.454455
27850.000000	-59.761685
27862.500000	-61.355126
27875.000000	-60.606678
27887.500000	-59.817083
27900.000000	-60.066360
27912.500000	-60.386724
27925.000000	-59.978385
27937.500000	-59.529780
27950.000000	-59.644615
27962.500000	-60.425692
27975.000000	-61.062151
27987.500000	-61.312746
28000.000000	-61.890218
28012.500000	-61.415574
28025.000000	-60.338623
28037.500000	-59.881275
28050.000000	-59.988139
28062.500000	-60.609472
28075.000000	-62.031442
28087.500000	-62.608181
28100.000000	-61.695240
28112.500000	-61.884631
28125.000000	-63.322043
28137.500000	-63.022972
28150.000000	-60.632448
28162.500000	-58.919665
28175.000000	-59.107832
28187.500000	-60.873829
28200.000000	-62.322569
28212.500000	-62.203968
28225.000000	-62.292479
28237.500000	-62.754406
28250.000000	-62.236223
28262.500000	-62.090079
28275.000000	-61.903321
28287.500000	-61.121740
28300.000000	-60.527114
28312.500000	-60.061904
28325.000000	-59.841717
28337.500000	-59.551130
28350.000000	-59.530398
28362.500000	-60.190444
28375.000000	-61.417481
28387.500000	-62.491715
28400.000000	-61.954525
28412.500000	-61.504895
28425.000000	-61.802329
28437.500000	-61.297646
28450.000000	-60.487354
28462.500000	-60.896132
28475.000000	-62.957706
28487.500000	-64.236014
28500.000000	-61.648860
28512.500000	-59.651345
28525.000000	-59.332469
28537.500000	-59.964018
28550.000000	-61.585944
28562.500000	-63.544652
28575.000000	-63.316920
28587.500000	-61.998120
28600.000000	-60.811086
28612.500000	-60.309260
28625.000000	-60.207624
28637.500000	-59.635317
28650.000000	-59.385073
28662.500000	-59.802823
28675.000000	-60.666988
28687.500000	-61.378079
28700.000000	-61.152597
28712.500000	-60.986705
28725.000000	-60.592087
28737.500000	-59.436383
28750.000000	-59.129144
28762.500000	-59.958155
28775.000000	-61.230533
28787.500000	-62.620006
28800.000000	-64.311665
28812.500000	-63.972330
28825.000000	-61.381824
28837.500000	-59.883048
28850.000000	-59.669429
28862.500000	-59.686863
28875.000000	-59.445894
28887.500000	-59.637852
28900.000000	-60.398005
28912.500000	-61.023108
28925.000000	-60.493439
28937.500000	-58.985811
28950.000000	-58.441328
28962.500000	-59.449842
28975.000000	-60.209458
28987.500000	-59.786907
29000.000000	-59.951347
29012.500000	-59.858573
29025.000000	-59.675977
29037.500000	-61.010955
29050.000000	-63.336856
29062.500000	-62.528541
29075.000000	-60.551085
29087.500000	-59.981864
29100.000000	-60.454659
29112.500000	-60.423108
29125.000000	-59.951702
29137.500000	-59.576208
29150.000000	-59.140994
29162.500000	-59.366560
29175.000000	-60.290090
29187.500000	-60.750063
29200.000000	-60.845536
29212.500000	-61.102183
29225.000000	-60.982073
29237.500000	-61.206803
29250.000000	-61.738752
29262.500000	-60.500453
29275.000000	-58.731257
29287.500000	-58.306601
29300.000000	-59.345077
29312.500000	-61.220429
29325.000000	-61.814307
29337.500000	-60.499595
29350.000000	-59.959736
29362.500000	-60.710977
29375.000000	-62.759812
29387.500000	-65.092441
29400.000000	-64.958284
29412.500000	-62.842402
29425.000000	-61.358681
29437.500000	-60.602944
29450.000000	-60.119042
29462.500000	-60.231246
29475.000000	-60.655107
29487.500000	-60.598713
29500.000000	-60.121558
29512.500000	-59.920201
29525.000000	-59.852371
29537.500000	-60.253984
29550.000000	-61.070279
29562.500000	-61.508902
29575.000000	-61.276804
29587.500000	-60.223239
29600.000000	-59.334160
29612.500000	-59.151238
29625.000000	-59.565352
29637.500000	-60.214223
29650.000000	-60.627945
29662.500000	-60.499884
29675.000000	-60.844018
29687.500000	-61.767693
29700.000000	-61.313465
29712.500000	-60.191044
29725.000000	-59.486058
29737.500000	-59.153560
29750.000000	-60.180560
29762.500000	-63.067187
29775.000000	-64.209665
29787.500000	-61.796824
29800.000000	-61.154389
29812.500000	-61.590213
29825.000000	-61.373667
29837.500000	-60.911079
29850.000000	-59.954186
29862.500000	-58.839005
29875.000000	-58.690410
29887.500000	-59.819770
29900.000000	-61.470127
29912.500000	-62.787960
29925.000000	-63.493597
29937.500000	-62.822341
29950.000000	-60.782824
29962.500000	-55.093191
29975.000000	-47.557107
29987.500000	-42.798347
30000.000000	-41.425061
30012.500000	-43.344661
30025.000000	-48.560699
30037.500000	-56.369929
30050.000000	-59.624067
30062.500000	-60.023922
30075.000000	-60.636866
30087.500000	-60.118660
30100.000000	-58.982976
30112.500000	-58.498549
30125.000000	-59.401724
30137.500000	-61.061821
30150.000000	-61.906420
30162.500000	-61.415785
30175.000000	-61.923993
30187.500000	-63.602944
30200.000000	-63.461681
30212.500000	-62.685271
30225.000000	-63.040216
30237.500000	-63.347738
30250.000000	-63.418970
30262.500000	-63.410903
30275.000000	-62.555987
30287.500000	-61.732038
30300.000000	-60.843198
30312.500000	-60.262147
30325.000000	-60.139404
30337.500000	-59.701563
30350.000000	-59.488540
30362.500000	-59.799937
30375.000000	-59.568979
30387.500000	-59.502505
30400.000000	-60.647964
30412.500000	-61.613687
30425.000000	-60.671874
30437.500000	-60.114547
30450.000000	-60.573693
30462.500000	-61.364911
30475.000000	-61.766629
30487.500000	-61.162458
30500.000000	-59.902912
30512.500000	-58.825274
30525.000000	-58.974681
30537.500000	-59.859760
30550.000000	-60.309871
30562.500000	-60.549974
30575.000000	-60.337329
30587.500000	-58.969332
30600.000000	-57.552943
30612.500000	-57.132504
30625.000000	-57.445745
30637.500000	-58.151962
30650.000000	-59.319539
30662.500000	-60.362325
30675.000000	-60.036269
30687.500000	-59.013784
30700.000000	-58.252252
30712.500000	-58.304967
30725.000000	-59.295063
30737.500000	-60.221610
30750.000000	-60.568315
30762.500000	-61.068830
30775.000000	-61.419552
30787.500000	-61.571129
30800.000000	-61.974463
30812.500000	-61.858776
30825.000000	-60.912161
30837.500000	-60.007038
30850.000000	-59.728356
30862.500000	-60.303456
30875.000000	-61.027196
30887.500000	-60.565939
30900.000000	-59.653364
30912.500000	-58.763968
30925.000000	-58.178049
30937.500000	-58.676443
30950.000000	-60.089996
30962.500000	-61.358177
30975.000000	-60.799117
30987.500000	-59.269261
31000.000000	-58.922461
31012.500000	-59.743995
31025.000000	-60.319781
31037.500000	-60.193362
31050.000000	-60.387492
31062.500000	-60.812266
31075.000000	-61.237112
31087.500000	-61.386773
31100.000000	-60.383381
31112.500000	-59.935691
31125.000000	-60.747755
31137.500000	-60.471459
31150.000000	-59.210654
31162.500000	-59.387145
31175.000000	-60.905408
31187.500000	-61.586825
31200.000000	-61.180359
31212.500000	-61.205285
31225.000000	-60.870371
31237.500000	-60.210670
31250.000000	-60.309368
31262.500000	-60.852016
31275.000000	-60.535395
31287.500000	-58.888625
31300.000000	-58.408414
31312.500000	-59.943915
31325.000000	-61.298119
31337.500000	-60.151757
31350.000000	-58.578109
31362.500000	-57.755109
31375.000000	-57.512984
31387.500000	-58.092374
31400.000000	-59.575893
31412.500000	-61.341992
31425.000000	-62.185716
31437.500000	-61.139906
31450.000000	-59.767216
31462.500000	-60.035692
31475.000000	-61.582860
31487.500000	-62.563755
31500.000000	-63.463236
31512.500000	-64.699962
31525.000000	-63.072623
31537.500000	-61.999781
31550.000000	-63.115372
31562.500000	-63.689995
31575.000000	-61.883261
31587.500000	-60.739021
31600.000000	-60.834571
31612.500000	-61.719368
31625.000000	-62.549499
31637.500000	-61.257094
31650.000000	-59.546407
31662.500000	-59.242119
31675.000000	-60.458776
31687.500000	-62.382727
31700.000000	-62.290327
31712.500000	-61.505041
31725.000000	-61.607468
31737.500000	-61.871691
31750.000000	-61.755447
31762.500000	-61.599306
31775.000000	-61.764724
31787.500000	-61.685507
31800.000000	-60.312691
31812.500000	-58.745567
31825.000000	-58.205412
31837.500000	-58.899401
31850.000000	-60.323132
31862.500000	-61.358606
31875.000000	-60.818428
31887.500000	-59.872842
31900.000000	-59.438449
31912.500000	-59.257032
31925.000000	-59.284382
31937.500000	-59.328071
31950.000000	-59.991478
31962.500000	-61.020102
31975.000000	-62.057184
31987.500000	-62.763753
32000.000000	-62.328767
32012.500000	-62.581208
32025.000000	-63.145673
32037.500000	-62.863247
32050.000000	-61.390165
32062.500000	-60.241809
32075.000000	-59.608508
32087.500000	-59.279891
32100.000000	-59.735777
32112.500000	-60.930070
32125.000000	-61.629003
32137.500000	-61.044520
32150.000000	-60.155347
32162.500000	-59.713958
32175.000000	-59.819588
32187.500000	-60.382830
32200.000000	-60.614401
32212.500000	-60.917482
32225.000000	-62.487697
32237.500000	-64.335847
32250.000000	-63.658863
32262.500000	-61.802348
32275.000000	-60.716508
32287.500000	-59.820943
32300.000000	-58.943797
32312.500000	-59.097206
32325.000000	-60.102411
32337.500000	-60.594624
32350.000000	-59.788080
32362.500000	-58.691434
32375.000000	-58.396387
32387.500000	-58.863751
32400.000000	-59.959831
32412.500000	-60.898993
32425.000000	-60.447626
32437.500000	-59.055692
32450.000000	-58.234087
32462.500000	-58.838667
32475.000000	-60.761630
32487.500000	-61.569775
32500.000000	-60.467471
32512.500000	-59.530733
32525.000000	-59.605287
32537.500000	-60.500454
32550.000000	-60.418674
32562.500000	-59.413795
32575.000000	-59.004902
32587.500000	-58.996646
32600.000000	-58.997071
32612.500000	-59.295464
32625.000000	-60.204455
32637.500000	-60.955308
32650.000000	-59.686625
32662.500000	-59.021583
32675.000000	-59.692954
32687.500000	-60.334878
32700.000000	-60.487708
32712.500000	-59.866783
32725.000000	-58.944046
32737.500000	-58.343914
32750.000000	-57.853490
32762.500000	-57.630738
32775.000000	-58.399577
32787.500000	-60.231005
32800.000000	-61.487051
32812.500000	-61.190445
32825.000000	-61.591384
32837.500000	-62.092240
32850.000000	-60.923688
32862.500000	-59.952197
32875.000000	-60.022408
32887.500000	-60.067297
32900.000000	-59.287473
32912.500000	-58.630677
32925.000000	-58.730419
32937.500000	-59.823702
32950.000000	-61.513587
32962.500000	-61.954541
32975.000000	-61.362957
32987.500000	-61.505201
33000.000000	-62.961378
33012.500000	-62.647089
33025.000000	-59.636405
33037.500000	-58.919632
33050.000000	-60.205556
33062.500000	-60.872543
33075.000000	-60.700272
33087.500000	-60.771626
33100.000000	-60.778523
33112.500000	-60.538280
33125.000000	-60.633473
33137.500000	-61.349072
33150.000000	-61.250272
33162.500000	-60.575712
33175.000000	-60.368645
33187.500000	-60.380500
33200.000000	-60.245706
33212.500000	-60.619154
33225.000000	-60.729904
33237.500000	-59.807444
33250.000000	-59.737795
33262.500000	-61.317414
33275.000000	-61.883211
33287.500000	-60.954057
33300.000000	-61.767798
33312.500000	-63.883670
33325.000000	-64.134280
33337.500000	-62.994263
33350.000000	-61.830427
33362.500000	-60.918594
33375.000000	-60.432923
33387.500000	-60.446615
33400.000000	-59.960228
33412.500000	-59.374905
33425.000000	-59.644800
33437.500000	-60.310610
33450.000000	-60.706416
33462.500000	-60.662233
33475.000000	-60.437600
33487.500000	-60.648555
33500.000000	-61.423927
33512.500000	-62.463930
33525.000000	-62.784009
33537.500000	-63.597175
33550.000000	-63.519691
33562.500000	-61.722237
33575.000000	-60.811639
33587.500000	-61.074853
33600.000000	-60.812428
33612.500000	-59.680177
33625.000000	-59.129674
33637.500000	-59.126806
33650.000000	-59.388135
33662.500000	-59.982805
33675.000000	-60.581813
33687.500000	-60.983556
33700.000000	-61.979311
33712.500000	-62.435634
33725.000000	-60.763490
33737.500000	-59.474877
33750.000000	-59.390863
33762.500000	-59.663968
33775.000000	-60.366864
33787.500000	-62.106340
33800.000000	-62.280716
33812.500000	-60.014203
33825.000000	-58.529757
33837.500000	-57.815637
33850.000000	-57.638154
33862.500000	-58.763778
33875.000000	-61.094715
33887.500000	-62.561440
33900.000000	-61.686773
33912.500000	-60.373988
33925.000000	-59.742932
33937.500000	-59.092825
33950.000000	-58.618196
33962.500000	-58.692466
33975.000000	-59.283351
33987.500000	-60.479291
34000.000000	-60.794905
34012.500000	-61.019864
34025.000000	-62.610501
34037.500000	-63.924492
34050.000000	-63.192128
34062.500000	-62.058475
34075.000000	-61.601522
34087.500000	-62.178666
34100.000000	-62.620375
34112.500000	-62.688224
34125.000000	-62.376868
34137.500000	-61.229452
34150.000000	-59.940078
34162.500000	-58.719074
34175.000000	-58.382696
34187.500000	-59.361386
34200.000000	-60.809773
34212.500000	-61.345546
34225.000000	-60.702404
34237.500000	-59.746299
34250.000000	-59.910522
34262.500000	-61.148073
34275.000000	-61.873735
34287.500000	-61.638931
34300.000000	-61.758926
34312.500000	-61.521156
34325.000000	-61.133383
34337.500000	-61.457962
34350.000000	-61.145827
34362.500000	-60.135100
34375.000000	-59.795493
34387.500000	-60.071731
34400.000000	-60.782932
34412.500000	-61.170222
34425.000000	-60.160784
34437.500000	-59.909171
34450.000000	-61.236504
34462.500000	-62.501725
34475.000000	-62.156944
34487.500000	-62.221814
34500.000000	-63.941627
34512.500000	-64.553301
34525.000000	-61.983327
34537.500000	-60.720990
34550.000000	-60.948390
34562.500000	-61.169154
34575.000000	-61.967869
34587.500000	-62.815961
34600.000000	-61.108077
34612.500000	-60.204709
34625.000000	-60.383902
34637.500000	-59.434952
34650.000000	-59.184656
34662.500000	-60.720799
34675.000000	-63.195794
34687.500000	-63.763873
34700.000000	-60.988276
34712.500000	-59.084660
34725.000000	-58.898344
34737.500000	-59.403276
34750.000000	-59.785785
34762.500000	-60.243800
34775.000000	-61.268749
34787.500000	-62.747596
34800.000000	-62.932806
34812.500000	-61.180604
34825.000000	-59.050911
34837.500000	-57.770739
34850.000000	-57.897124
34862.500000	-59.091060
34875.000000	-60.278116
34887.500000	-60.616099
34900.000000	-60.605827
34912.500000	-59.955391
34925.000000	-58.503892
34937.500000	-57.929881
34950.000000	-58.790285
34962.500000	-60.292298
34975.000000	-61.504362
34987.500000	-61.921182
35000.000000	-61.133114
35012.500000	-60.622885
35025.000000	-60.166965
35037.500000	-60.036974
35050.000000	-60.335613
35062.500000	-60.886829
35075.000000	-61.449035
35087.500000	-61.744858
35100.000000	-62.053400
35112.500000	-61.405985
35125.000000	-60.457367
35137.500000	-60.167370
35150.000000	-60.026952
35162.500000	-60.414676
35175.000000	-61.345885
35187.500000	-61.650323
35200.000000	-61.272503
35212.500000	-60.989533
35225.000000	-60.613788
35237.500000	-60.531349
35250.000000	-60.835189
35262.500000	-60.804106
35275.000000	-60.864553
35287.500000	-61.674057
35300.000000	-62.308819
35312.500000	-61.080058
35325.000000	-59.433338
35337.500000	-59.203791
35350.000000	-60.401752
35362.500000	-60.353617
35375.000000	-58.981913
35387.500000	-59.117158
35400.000000	-61.312953
35412.500000	-64.147721
35425.000000	-63.566738
35437.500000	-61.596248
35450.000000	-60.700397
35462.500000	-60.582391
35475.000000	-60.505706
35487.500000	-60.779493
35500.000000	-60.724079
35512.500000	-60.219710
35525.000000	-60.545503
35537.500000	-61.344316
35550.000000	-61.453664
35562.500000	-60.587902
35575.000000	-59.864230
35587.500000	-60.235567
35600.000000	-61.431136
35612.500000	-61.369757
35625.000000	-60.546611
35637.500000	-60.499938
35650.000000	-60.718346
35662.500000	-60.292010
35675.000000	-60.327325
35687.500000	-61.577396
35700.000000	-62.239059
35712.500000	-60.977571
35725.000000	-60.176043
35737.500000	-60.458795
35750.000000	-61.089329
35762.500000	-61.944743
35775.000000	-61.516839
35787.500000	-60.065081
35800.000000	-59.251144
35812.500000	-58.812209
35825.000000	-58.963834
35837.500000	-60.028108
35850.000000	-61.348398
35862.500000	-61.903098
35875.000000	-61.889447
35887.500000	-61.893256
35900.000000	-61.522512
35912.500000	-61.580484
35925.000000	-61.495622
35937.500000	-60.169703
35950.000000	-59.557382
35962.500000	-60.413073
35975.000000	-62.121417
35987.500000	-62.670691
36000.000000	-61.284672
36012.500000	-60.192193
36025.000000	-60.592022
36037.500000	-62.439488
36050.000000	-63.224758
36062.500000	-61.522189
36075.000000	-60.990542
36087.500000	-61.483983
36100.000000	-61.410975
36112.500000	-61.246055
36125.000000	-61.247503
36137.500000	-60.666699
36150.000000	-59.897122
36162.500000	-59.774481
36175.000000	-60.533936
36187.500000	-60.948475
36200.000000	-60.491054
36212.500000	-60.568003
36225.000000	-60.888909
36237.500000	-61.012362
36250.000000	-60.600427
36262.500000	-59.521296
36275.000000	-58.416934
36287.500000	-57.979175
36300.000000	-57.483546
36312.500000	-56.889631
36325.000000	-57.428451
36337.500000	-59.025266
36350.000000	-60.042895
36362.500000	-60.133085
36375.000000	-60.873905
36387.500000	-60.737500
36400.000000	-59.351764
36412.500000	-58.765104
36425.000000	-59.831706
36437.500000	-61.187481
36450.000000	-59.957223
36462.500000	-58.772061
36475.000000	-58.953593
36487.500000	-59.709110
36500.000000	-59.715256
36512.500000	-59.761466
36525.000000	-60.557767
36537.500000	-61.055731
36550.000000	-60.829803
36562.500000	-60.296692
36575.000000	-60.507909
36587.500000	-61.914294
36600.000000	-62.944799
36612.500000	-62.361318
36625.000000	-61.160329
36637.500000	-60.703981
36650.000000	-61.114606
36662.500000	-61.071608
36675.000000	-60.564916
36687.500000	-59.957366
36700.000000	-59.732839
36712.500000	-60.042445
36725.000000	-60.504234
36737.500000	-60.521665
36750.000000	-60.988568
36762.500000	-61.756173
36775.000000	-61.139066
36787.500000	-59.990010
36800.000000	-59.840733
36812.500000	-60.658584
36825.000000	-61.329014
36837.500000	-61.021051
36850.000000	-59.711928
36862.500000	-58.650102
36875.000000	-58.670417
36887.500000	-59.672840
36900.000000	-60.916423
36912.500000	-61.576596
36925.000000	-60.813756
36937.500000	-59.497055
36950.000000	-59.116743
36962.500000	-59.694166
36975.000000	-60.572625
36987.500000	-61.017647
37000.000000	-60.754609
37012.500000	-60.951841
37025.000000	-62.051653
37037.500000	-62.541251
37050.000000	-62.886473
37062.500000	-64.340207
37075.000000	-63.797619
37087.500000	-61.864225
37100.000000	-60.834304
37112.500000	-60.293589
37125.000000	-59.638434
37137.500000	-58.958346
37150.000000	-59.062520
37162.500000	-59.926575
37175.000000	-60.489468
37187.500000	-61.026568
37200.000000	-61.886099
37212.500000	-61.175546
37225.000000	-59.932362
37237.500000	-59.466874
37250.000000	-59.244759
37262.500000	-58.918019
37275.000000	-59.366240
37287.500000	-60.571750
37300.000000	-61.581415
37312.500000	-61.717381
37325.000000	-59.997028
37337.500000	-58.341245
37350.000000	-58.101589
37362.500000	-58.926711
37375.000000	-59.094027
37387.500000	-58.763150
37400.000000	-59.411762
37412.500000	-60.599575
37425.000000	-61.187560
37437.500000	-61.074161
37450.000000	-61.202739
37462.500000	-61.858248
37475.000000	-61.628072
37487.500000	-61.025203
37500.000000	-60.306937
37512.500000	-59.565912
37525.000000	-59.780389
37537.500000	-61.006159
37550.000000	-62.928640
37562.500000	-63.079782
37575.000000	-60.880670
37587.500000	-60.118537
37600.000000	-61.023194
37612.500000	-61.399924
37625.000000	-60.279439
37637.500000	-59.528185
37650.000000	-59.737141
37662.500000	-60.261990
37675.000000	-60.649957
37687.500000	-61.764156
37700.000000	-63.339342
37712.500000	-63.337305
37725.000000	-61.985100
37737.500000	-61.253176
37750.000000	-61.424168
37762.500000	-61.276757
37775.000000	-60.282775
37787.500000	-60.175954
37800.000000	-60.751665
37812.500000	-60.667159
37825.000000	-60.798031
37837.500000	-61.748821
37850.000000	-62.050418
37862.500000	-62.011167
37875.000000	-62.551117
37887.500000	-63.583520
37900.000000	-63.774760
37912.500000	-62.229257
37925.000000	-61.210686
37937.500000	-60.958074
37950.000000	-61.294763
37962.500000	-62.896957
37975.000000	-63.238182
37987.500000	-61.998340
38000.000000	-61.484458
38012.500000	-61.664911
38025.000000	-62.593709
38037.500000	-62.358493
38050.000000	-61.501061
38062.500000	-61.608511
38075.000000	-61.440098
38087.500000	-60.550177
38100.000000	-60.647597
38112.500000	-61.612377
38125.000000	-61.288020
38137.500000	-59.681831
38150.000000	-58.421566
38162.500000	-58.073592
38175.000000	-58.844077
38187.500000	-60.103574
38200.000000	-60.333485
38212.500000	-60.043859
38225.000000	-61.044441
38237.500000	-61.809896
38250.000000	-60.778416
38262.500000	-59.847975
38275.000000	-59.922508
38287.500000	-60.339925
38300.000000	-60.553585
38312.500000	-60.384926
38325.000000	-60.078613
38337.500000	-60.292989
38350.000000	-60.557181
38362.500000	-61.035677
38375.000000	-62.006749
38387.500000	-62.327454
38400.000000	-61.600523
38412.500000	-60.983560
38425.000000	-60.498925
38437.500000	-60.665785
38450.000000	-61.296063
38462.500000	-61.730742
38475.000000	-62.097210
38487.500000	-62.020735
38500.000000	-60.720428
38512.500000	-60.158606
38525.000000	-60.502124
38537.500000	-60.268193
38550.000000	-60.077318
38562.500000	-60.193376
38575.000000	-60.908140
38587.500000	-61.381507
38600.000000	-60.728642
38612.500000	-61.243737
38625.000000	-61.602560
38637.500000	-60.698208
38650.000000	-59.924933
38662.500000	-59.373245
38675.000000	-58.617258
38687.500000	-58.036652
38700.000000	-58.275653
38712.500000	-58.588153
38725.000000	-58.516943
38737.500000	-58.881941
38750.000000	-59.902219
38762.500000	-61.278471
38775.000000	-62.001885
38787.500000	-61.496539
38800.000000	-61.045867
38812.500000	-61.960760
38825.000000	-63.369467
38837.500000	-63.094839
38850.000000	-61.864426
38862.500000	-61.067101
38875.000000	-60.781905
38887.500000	-61.105837
38900.000000	-61.942257
38912.500000	-62.352661
38925.000000	-62.468500
38937.500000	-61.509078
38950.000000	-61.231111
38962.500000	-62.402918
38975.000000	-62.855026
38987.500000	-62.434411
39000.000000	-62.092811
39012.500000	-61.823099
39025.000000	-61.627420
39037.500000	-61.005096
39050.000000	-60.054368
39062.500000	-59.696331
39075.000000	-60.064890
39087.500000	-60.313650
39100.000000	-60.100783
39112.500000	-60.201726
39125.000000	-60.611598
39137.500000	-60.636671
39150.000000	-59.774010
39162.500000	-59.453937
39175.000000	-60.416840
39187.500000	-60.564228
39200.000000	-59.437008
39212.500000	-59.611641
39225.000000	-61.410749
39237.500000	-62.482919
39250.000000	-61.527532
39262.500000	-60.326567
39275.000000	-59.250844
39287.500000	-58.702530
39300.000000	-59.028732
39312.500000	-58.997500
39325.000000	-58.558434
39337.500000	-58.454114
39350.000000	-58.174154
39362.500000	-58.537415
39375.000000	-60.372988
39387.500000	-61.646100
39400.000000	-61.019764
39412.500000	-60.800289
39425.000000	-61.159438
39437.500000	-61.255123
39450.000000	-60.577569
39462.500000	-59.681065
39475.000000	-59.363036
39487.500000	-59.475750
39500.000000	-59.296702
39512.500000	-59.730821
39525.000000	-61.258160
39537.500000	-61.342292
39550.000000	-60.209599
39562.500000	-60.603636
39575.000000	-61.818712
39587.500000	-61.775444
39600.000000	-60.859269
39612.500000	-59.984329
39625.000000	-59.628472
39637.500000	-59.988672
39650.000000	-60.680549
39662.500000	-60.970536
39675.000000	-60.683576
39687.500000	-59.945567
39700.000000	-59.602605
39712.500000	-59.604665
39725.000000	-59.672768
39737.500000	-60.090037
39750.000000	-60.537876
39762.500000	-60.883465
39775.000000	-60.647863
39787.500000	-60.239275
39800.000000	-60.298091
39812.500000	-60.235955
39825.000000	-60.523584
39837.500000	-61.126084
39850.000000	-61.037599
39862.500000	-60.579590
39875.000000	-60.460595
39887.500000	-61.045367
39900.000000	-61.064656
39912.500000	-60.051723
39925.000000	-59.966961
39937.500000	-60.271008
39950.000000	-60.199500
39962.500000	-55.437709
39975.000000	-45.969670
39987.500000	-40.271765
