Frequency	dBVrms
0.000000	0.117150
12.500000	1.182204
25.000000	-4.776003
37.500000	-15.150934
50.000000	-30.729399
62.500000	-52.118180
75.000000	-62.187798
87.500000	-61.255827
100.000000	-60.430898
112.500000	-61.179006
125.000000	-62.531781
137.500000	-63.335791
150.000000	-62.800791
162.500000	-60.689602
175.000000	-59.323915
187.500000	-58.704982
200.000000	-58.295593
212.500000	-57.876544
225.000000	-57.378546
237.500000	-57.484750
250.000000	-58.512664
262.500000	-59.292070
275.000000	-59.058482
287.500000	-59.657410
300.000000	-61.141574
312.500000	-61.573774
325.000000	-61.214704
337.500000	-60.844969
350.000000	-60.540333
362.500000	-60.030028
375.000000	-59.958878
387.500000	-60.229379
400.000000	-59.605428
412.500000	-59.190222
425.000000	-59.757277
437.500000	-59.547922
450.000000	-58.338612
462.500000	-58.464618
475.000000	-60.593553
487.500000	-63.246661
500.000000	-63.633765
512.500000	-63.437627
525.000000	-63.269452
537.500000	-62.165278
550.000000	-60.723698
562.500000	-60.721437
575.000000	-62.156297
587.500000	-62.843114
600.000000	-61.613609
612.500000	-60.208572
625.000000	-60.221756
637.500000	-62.098106
650.000000	-64.268815
662.500000	-63.768072
675.000000	-61.948830
687.500000	-61.722238
700.000000	-62.943403
712.500000	-63.491551
725.000000	-62.478670
737.500000	-61.398950
750.000000	-61.949181
762.500000	-62.522135
775.000000	-61.470014
787.500000	-60.580744
800.000000	-60.476057
812.500000	-61.285586
825.000000	-62.012121
837.500000	-62.033417
850.000000	-62.709181
862.500000	-64.058963
875.000000	-63.639438
887.500000	-62.292160
900.000000	-61.642674
912.500000	-61.146021
925.000000	-61.029153
937.500000	-61.766496
950.000000	-63.173465
962.500000	-63.737867
975.000000	-64.138182
987.500000	-64.471218
1000.000000	-63.045444
1012.500000	-61.768212
1025.000000	-61.355445
1037.500000	-62.442545
1050.000000	-64.593461
1062.500000	-64.207777
1075.000000	-64.292828
1087.500000	-65.938249
1100.000000	-65.075661
1112.500000	-62.819529
1125.000000	-61.924176
1137.500000	-61.824262
1150.000000	-62.260174
1162.500000	-62.582141
1175.000000	-61.575430
1187.500000	-61.055703
1200.000000	-61.274484
1212.500000	-61.514529
1225.000000	-62.045478
1237.500000	-62.759311
1250.000000	-62.172113
1262.500000	-61.011178
1275.000000	-60.861873
1287.500000	-61.355194
1300.000000	-61.552433
1312.500000	-60.769061
1325.000000	-60.179286
1337.500000	-61.589027
1350.000000	-64.393874
1362.500000	-62.524151
1375.000000	-60.175954
1387.500000	-60.684713
1400.000000	-63.210244
1412.500000	-64.943920
1425.000000	-64.226918
1437.500000	-63.479289
1450.000000	-62.272975
1462.500000	-59.747590
1475.000000	-58.268189
1487.500000	-58.567539
1500.000000	-60.045062
1512.500000	-62.048358
1525.000000	-62.960424
1537.500000	-62.105534
1550.000000	-61.673502
1562.500000	-60.958249
1575.000000	-60.416644
1587.500000	-61.641904
1600.000000	-63.627868
1612.500000	-63.956576
1625.000000	-63.710150
1637.500000	-62.626020
1650.000000	-61.654890
1662.500000	-60.696754
1675.000000	-59.975563
1687.500000	-59.438385
1700.000000	-59.221349
1712.500000	-60.264952
1725.000000	-61.903159
1737.500000	-62.605005
1750.000000	-62.374487
1762.500000	-61.884604
1775.000000	-62.193397
1787.500000	-62.912173
1800.000000	-63.052890
1812.500000	-62.972538
1825.000000	-62.823257
1837.500000	-62.750623
1850.000000	-62.801609
1862.500000	-62.699925
1875.000000	-61.732294
1887.500000	-61.087070
1900.000000	-61.225639
1912.500000	-60.995426
1925.000000	-60.762465
1937.500000	-61.712385
1950.000000	-63.544298
1962.500000	-63.413881
1975.000000	-61.522272
1987.500000	-60.086967
2000.000000	-59.765863
2012.500000	-59.762246
2025.000000	-59.655830
2037.500000	-60.385952
2050.000000	-62.677421
2062.500000	-60.522902
2075.000000	-56.162548
2087.500000	-55.272299
2100.000000	-57.851847
2112.500000	-62.524775
2125.000000	-62.597636
2137.500000	-60.291123
2150.000000	-59.215511
2162.500000	-59.278903
2175.000000	-60.168081
2187.500000	-60.727772
2200.000000	-61.228537
2212.500000	-63.139427
2225.000000	-64.527133
2237.500000	-63.203925
2250.000000	-61.299928
2262.500000	-60.077230
2275.000000	-60.270286
2287.500000	-62.410962
2300.000000	-64.211186
2312.500000	-62.470985
2325.000000	-60.788183
2337.500000	-60.243210
2350.000000	-61.166448
2362.500000	-61.376627
2375.000000	-59.706194
2387.500000	-59.216321
2400.000000	-59.487766
2412.500000	-59.668033
2425.000000	-60.319868
2437.500000	-61.268236
2450.000000	-61.495522
2462.500000	-60.540975
2475.000000	-59.250531
2487.500000	-58.284948
2500.000000	-58.294693
2512.500000	-59.547389
2525.000000	-61.458274
2537.500000	-62.615087
2550.000000	-62.593273
2562.500000	-62.506953
2575.000000	-61.392626
2587.500000	-60.213703
2600.000000	-60.980488
2612.500000	-62.040229
2625.000000	-60.242971
2637.500000	-59.163965
2650.000000	-60.388718
2662.500000	-62.201809
2675.000000	-61.417073
2687.500000	-60.516201
2700.000000	-60.316915
2712.500000	-60.681085
2725.000000	-61.466042
2737.500000	-61.131896
2750.000000	-60.066173
2762.500000	-60.010619
2775.000000	-61.265667
2787.500000	-61.732247
2800.000000	-60.969189
2812.500000	-60.420434
2825.000000	-59.882748
2837.500000	-59.607016
2850.000000	-60.371007
2862.500000	-61.690289
2875.000000	-61.675299
2887.500000	-60.369507
2900.000000	-59.958844
2912.500000	-60.893084
2925.000000	-62.046673
2937.500000	-61.281268
2950.000000	-60.166462
2962.500000	-60.455852
2975.000000	-61.355003
2987.500000	-61.911037
3000.000000	-62.376584
3012.500000	-62.694343
3025.000000	-62.235539
3037.500000	-61.713695
3050.000000	-61.693650
3062.500000	-61.856772
3075.000000	-62.151068
3087.500000	-62.015668
3100.000000	-61.075287
3112.500000	-59.956875
3125.000000	-59.554511
3137.500000	-60.038840
3150.000000	-61.614745
3162.500000	-63.534971
3175.000000	-62.670943
3187.500000	-60.998878
3200.000000	-60.672732
3212.500000	-61.665345
3225.000000	-62.320528
3237.500000	-62.252603
3250.000000	-62.282147
3262.500000	-61.277478
3275.000000	-59.566917
3287.500000	-59.044762
3300.000000	-59.907868
3312.500000	-60.621119
3325.000000	-60.518153
3337.500000	-59.514290
3350.000000	-58.786916
3362.500000	-59.520518
3375.000000	-60.350646
3387.500000	-61.105990
3400.000000	-63.175695
3412.500000	-64.539588
3425.000000	-63.119608
3437.500000	-62.863279
3450.000000	-62.307592
3462.500000	-60.961580
3475.000000	-60.380859
3487.500000	-60.004155
3500.000000	-59.712705
3512.500000	-60.153303
3525.000000	-61.668122
3537.500000	-62.939691
3550.000000	-62.663909
3562.500000	-62.047959
3575.000000	-60.801311
3587.500000	-59.671315
3600.000000	-59.543117
3612.500000	-60.315884
3625.000000	-61.210190
3637.500000	-61.513946
3650.000000	-60.791978
3662.500000	-59.629251
3675.000000	-59.300236
3687.500000	-59.900242
3700.000000	-61.320723
3712.500000	-63.466597
3725.000000	-64.973361
3737.500000	-65.106931
3750.000000	-64.159721
3762.500000	-62.684932
3775.000000	-62.239505
3787.500000	-62.875493
3800.000000	-61.834100
3812.500000	-59.493858
3825.000000	-59.042856
3837.500000	-60.322145
3850.000000	-60.984807
3862.500000	-59.833431
3875.000000	-59.301886
3887.500000	-60.192721
3900.000000	-61.013631
3912.500000	-60.926225
3925.000000	-60.864826
3937.500000	-61.253916
3950.000000	-62.436996
3962.500000	-62.588448
3975.000000	-61.403470
3987.500000	-61.705704
4000.000000	-63.311179
4012.500000	-63.262130
4025.000000	-62.539964
4037.500000	-62.440903
4050.000000	-62.294138
4062.500000	-61.643551
4075.000000	-60.749287
4087.500000	-60.086402
4100.000000	-59.640004
4112.500000	-60.216327
4125.000000	-62.220354
4137.500000	-63.394941
4150.000000	-62.476394
4162.500000	-61.992733
4175.000000	-60.558521
4187.500000	-59.104385
4200.000000	-59.689848
4212.500000	-61.692458
4225.000000	-61.698148
4237.500000	-60.690921
4250.000000	-60.820636
4262.500000	-61.347598
4275.000000	-61.455941
4287.500000	-61.245522
4300.000000	-61.591525
4312.500000	-62.931056
4325.000000	-64.377786
4337.500000	-64.478914
4350.000000	-62.923867
4362.500000	-61.072432
4375.000000	-60.253530
4387.500000	-60.692102
4400.000000	-62.215156
4412.500000	-64.097706
4425.000000	-64.942436
4437.500000	-64.275308
4450.000000	-63.553576
4462.500000	-63.039952
4475.000000	-62.247550
4487.500000	-61.373326
4500.000000	-60.342808
4512.500000	-60.073411
4525.000000	-61.462252
4537.500000	-62.498634
4550.000000	-62.078350
4562.500000	-62.457235
4575.000000	-62.205923
4587.500000	-62.182374
4600.000000	-63.380917
4612.500000	-63.241351
4625.000000	-62.019589
4637.500000	-61.735263
4650.000000	-62.647054
4662.500000	-63.210050
4675.000000	-62.980170
4687.500000	-62.212181
4700.000000	-61.146575
4712.500000	-60.549338
4725.000000	-59.973438
4737.500000	-59.357227
4750.000000	-59.374123
4762.500000	-59.583346
4775.000000	-59.674105
4787.500000	-60.271487
4800.000000	-61.131810
4812.500000	-60.673360
4825.000000	-59.656898
4837.500000	-59.888620
4850.000000	-61.174472
4862.500000	-61.624792
4875.000000	-61.145858
4887.500000	-60.876681
4900.000000	-61.581217
4912.500000	-63.999061
4925.000000	-65.957462
4937.500000	-64.059328
4950.000000	-62.325238
4962.500000	-61.482167
4975.000000	-60.569767
4987.500000	-60.140686
5000.000000	-61.068298
5012.500000	-63.085279
5025.000000	-63.949232
5037.500000	-62.618570
5050.000000	-61.714867
5062.500000	-61.830559
5075.000000	-61.894104
5087.500000	-62.585508
5100.000000	-63.244148
5112.500000	-61.841030
5125.000000	-60.834397
5137.500000	-60.705423
5150.000000	-60.232739
5162.500000	-59.329613
5175.000000	-58.402261
5187.500000	-58.323734
5200.000000	-59.674276
5212.500000	-61.530121
5225.000000	-62.360593
5237.500000	-62.849072
5250.000000	-64.035481
5262.500000	-64.368116
5275.000000	-63.089995
5287.500000	-62.738720
5300.000000	-63.094704
5312.500000	-62.944122
5325.000000	-61.970253
5337.500000	-61.416243
5350.000000	-61.535153
5362.500000	-61.396783
5375.000000	-61.394747
5387.500000	-62.175811
5400.000000	-61.832779
5412.500000	-60.758398
5425.000000	-61.044986
5437.500000	-62.116125
5450.000000	-62.661257
5462.500000	-62.872374
5475.000000	-62.615095
5487.500000	-61.687088
5500.000000	-61.596757
5512.500000	-62.509539
5525.000000	-62.507084
5537.500000	-62.157639
5550.000000	-62.346843
5562.500000	-62.495091
5575.000000	-63.051643
5587.500000	-63.705996
5600.000000	-62.996408
5612.500000	-61.981459
5625.000000	-61.575683
5637.500000	-61.701243
5650.000000	-62.152606
5662.500000	-62.817607
5675.000000	-62.953229
5687.500000	-62.583791
5700.000000	-62.907553
5712.500000	-62.626776
5725.000000	-61.231064
5737.500000	-60.263728
5750.000000	-59.840698
5762.500000	-59.511621
5775.000000	-59.376081
5787.500000	-59.726004
5800.000000	-59.345247
5812.500000	-58.781107
5825.000000	-59.013596
5837.500000	-59.648119
5850.000000	-60.508590
5862.500000	-60.981299
5875.000000	-60.620302
5887.500000	-59.746879
5900.000000	-59.108000
5912.500000	-59.421755
5925.000000	-60.868468
5937.500000	-61.399785
5950.000000	-60.343714
5962.500000	-60.546670
5975.000000	-62.441700
5987.500000	-64.191962
6000.000000	-64.008462
6012.500000	-62.478712
6025.000000	-60.903316
6037.500000	-59.947702
6050.000000	-59.916061
6062.500000	-60.020125
6075.000000	-60.427317
6087.500000	-61.756697
6100.000000	-61.817579
6112.500000	-61.526571
6125.000000	-63.539959
6137.500000	-64.814434
6150.000000	-62.446687
6162.500000	-60.709789
6175.000000	-60.235977
6187.500000	-60.131079
6200.000000	-59.674829
6212.500000	-59.828518
6225.000000	-60.607786
6237.500000	-62.199953
6250.000000	-64.081113
6262.500000	-63.349496
6275.000000	-61.378029
6287.500000	-60.045860
6300.000000	-59.463750
6312.500000	-59.758889
6325.000000	-60.835493
6337.500000	-62.254837
6350.000000	-63.063353
6362.500000	-63.323947
6375.000000	-63.389497
6387.500000	-62.818198
6400.000000	-61.538212
6412.500000	-60.448993
6425.000000	-60.262727
6437.500000	-61.138310
6450.000000	-61.796782
6462.500000	-61.309534
6475.000000	-61.048752
6487.500000	-61.944920
6500.000000	-63.123760
6512.500000	-62.982689
6525.000000	-62.117228
6537.500000	-61.262386
6550.000000	-60.835990
6562.500000	-60.553921
6575.000000	-59.845711
6587.500000	-60.024376
6600.000000	-61.337457
6612.500000	-61.630249
6625.000000	-60.603957
6637.500000	-59.327665
6650.000000	-58.237315
6662.500000	-57.927915
6675.000000	-58.571873
6687.500000	-59.884702
6700.000000	-61.183049
6712.500000	-61.268273
6725.000000	-60.502885
6737.500000	-60.009306
6750.000000	-59.812889
6762.500000	-59.838619
6775.000000	-59.915632
6787.500000	-59.742595
6800.000000	-59.854398
6812.500000	-60.656368
6825.000000	-62.146611
6837.500000	-63.096358
6850.000000	-63.337323
6862.500000	-63.479430
6875.000000	-63.519920
6887.500000	-62.907098
6900.000000	-61.552475
6912.500000	-60.144953
6925.000000	-59.074311
6937.500000	-58.688115
6950.000000	-59.120958
6962.500000	-60.671962
6975.000000	-63.248779
6987.500000	-63.935289
7000.000000	-62.971197
7012.500000	-62.412673
7025.000000	-62.025876
7037.500000	-62.191478
7050.000000	-62.181607
7062.500000	-61.703497
7075.000000	-62.037002
7087.500000	-62.536641
7100.000000	-62.706125
7112.500000	-63.957726
7125.000000	-65.658403
7137.500000	-65.721411
7150.000000	-63.733823
7162.500000	-61.437880
7175.000000	-60.146404
7187.500000	-59.811321
7200.000000	-59.416366
7212.500000	-58.729765
7225.000000	-58.540287
7237.500000	-58.756777
7250.000000	-59.513283
7262.500000	-60.964553
7275.000000	-61.640013
7287.500000	-61.869253
7300.000000	-62.882948
7312.500000	-63.114567
7325.000000	-62.808987
7337.500000	-62.382274
7350.000000	-60.447669
7362.500000	-59.294074
7375.000000	-60.384228
7387.500000	-62.565612
7400.000000	-60.820837
7412.500000	-58.435319
7425.000000	-58.617613
7437.500000	-60.874375
7450.000000	-62.514277
7462.500000	-62.673768
7475.000000	-63.105637
7487.500000	-62.502354
7500.000000	-60.817422
7512.500000	-59.662991
7525.000000	-58.943611
7537.500000	-58.494595
7550.000000	-58.184155
7562.500000	-58.320491
7575.000000	-59.378227
7587.500000	-60.560681
7600.000000	-60.586357
7612.500000	-60.460641
7625.000000	-60.550203
7637.500000	-60.351617
7650.000000	-60.855961
7662.500000	-63.253915
7675.000000	-65.634749
7687.500000	-63.510775
7700.000000	-61.384601
7712.500000	-61.203087
7725.000000	-62.072061
7737.500000	-63.168121
7750.000000	-64.186187
7762.500000	-64.598796
7775.000000	-64.062290
7787.500000	-62.631624
7800.000000	-61.347177
7812.500000	-60.891336
7825.000000	-60.163783
7837.500000	-59.609281
7850.000000	-60.819188
7862.500000	-63.820057
7875.000000	-65.758675
7887.500000	-64.405587
7900.000000	-63.492343
7912.500000	-62.822594
7925.000000	-62.343229
7937.500000	-62.159056
7950.000000	-61.110348
7962.500000	-60.184324
7975.000000	-60.232659
7987.500000	-61.432399
8000.000000	-63.030274
8012.500000	-63.161156
8025.000000	-62.312499
8037.500000	-61.726771
8050.000000	-61.476404
8062.500000	-61.243729
8075.000000	-61.305314
8087.500000	-60.950966
8100.000000	-60.125649
8112.500000	-59.966343
8125.000000	-60.815980
8137.500000	-61.168724
8150.000000	-60.690844
8162.500000	-61.650896
8175.000000	-63.172276
8187.500000	-62.417629
8200.000000	-61.621674
8212.500000	-62.702010
8225.000000	-64.673254
8237.500000	-63.408099
8250.000000	-62.212138
8262.500000	-62.120509
8275.000000	-61.493007
8287.500000	-61.949022
8300.000000	-62.268511
8312.500000	-60.264910
8325.000000	-59.117762
8337.500000	-59.628729
8350.000000	-60.903318
8362.500000	-61.728636
8375.000000	-62.017343
8387.500000	-62.019748
8400.000000	-60.490885
8412.500000	-59.732339
8425.000000	-61.422312
8437.500000	-64.404685
8450.000000	-66.106290
8462.500000	-65.818126
8475.000000	-63.802406
8487.500000	-62.182952
8500.000000	-62.107342
8512.500000	-62.219671
8525.000000	-61.113387
8537.500000	-60.282904
8550.000000	-60.494040
8562.500000	-61.344358
8575.000000	-61.840141
8587.500000	-60.988944
8600.000000	-60.453717
8612.500000	-61.108744
8625.000000	-62.243458
8637.500000	-63.948052
8650.000000	-64.782714
8662.500000	-64.453324
8675.000000	-64.255425
8687.500000	-62.439826
8700.000000	-60.593995
8712.500000	-60.058904
8725.000000	-60.477776
8737.500000	-60.813767
8750.000000	-61.142580
8762.500000	-62.136598
8775.000000	-62.423126
8787.500000	-61.072699
8800.000000	-59.997736
8812.500000	-59.834671
8825.000000	-60.527164
8837.500000	-62.029056
8850.000000	-62.534482
8862.500000	-61.884954
8875.000000	-62.008949
8887.500000	-62.692629
8900.000000	-63.771974
8912.500000	-64.433403
8925.000000	-62.405944
8937.500000	-60.448958
8950.000000	-60.014713
8962.500000	-60.930479
8975.000000	-62.297484
8987.500000	-63.176690
9000.000000	-63.343851
9012.500000	-62.690446
9025.000000	-62.377252
9037.500000	-62.483244
9050.000000	-61.514010
9062.500000	-60.691264
9075.000000	-61.290568
9087.500000	-62.515634
9100.000000	-62.705816
9112.500000	-62.395532
9125.000000	-63.144771
9137.500000	-63.653550
9150.000000	-62.667604
9162.500000	-61.809764
9175.000000	-62.218117
9187.500000	-63.259075
9200.000000	-63.190294
9212.500000	-61.684639
9225.000000	-60.669363
9237.500000	-60.775610
9250.000000	-61.466862
9262.500000	-61.709155
9275.000000	-61.625431
9287.500000	-62.087448
9300.000000	-62.816396
9312.500000	-62.608562
9325.000000	-62.914457
9337.500000	-64.112741
9350.000000	-64.062278
9362.500000	-62.125661
9375.000000	-60.159507
9387.500000	-59.866756
9400.000000	-60.212015
9412.500000	-60.304693
9425.000000	-60.872928
9437.500000	-62.052580
9450.000000	-63.832862
9462.500000	-64.303802
9475.000000	-62.420116
9487.500000	-60.945835
9500.000000	-60.613916
9512.500000	-61.871265
9525.000000	-63.911518
9537.500000	-61.921929
9550.000000	-59.203381
9562.500000	-58.119823
9575.000000	-58.605226
9587.500000	-59.989682
9600.000000	-60.529663
9612.500000	-60.741293
9625.000000	-61.142761
9637.500000	-60.384984
9650.000000	-59.177106
9662.500000	-59.082292
9675.000000	-59.920610
9687.500000	-61.116606
9700.000000	-62.743575
9712.500000	-64.070977
9725.000000	-63.180716
9737.500000	-60.266355
9750.000000	-58.492545
9762.500000	-58.268377
9775.000000	-58.653202
9787.500000	-59.245338
9800.000000	-60.357011
9812.500000	-62.156145
9825.000000	-63.431144
9837.500000	-62.274415
9850.000000	-59.980074
9862.500000	-58.723669
9875.000000	-59.264493
9887.500000	-61.001770
9900.000000	-62.112841
9912.500000	-60.903911
9925.000000	-58.852805
9937.500000	-55.701050
9950.000000	-37.248803
9962.500000	-21.551790
9975.000000	-11.113093
9987.500000	-5.107990
10000.000000	-3.120931
10012.500000	-5.026790
10025.000000	-10.950738
10037.500000	-21.318947
10050.000000	-37.075329
10062.500000	-58.822686
10075.000000	-61.715204
10087.500000	-61.689456
10100.000000	-61.671639
10112.500000	-61.388895
10125.000000	-61.564759
10137.500000	-61.889047
10150.000000	-62.085675
10162.500000	-61.564185
10175.000000	-59.792674
10187.500000	-59.308327
10200.000000	-60.706899
10212.500000	-62.275839
10225.000000	-62.427126
10237.500000	-61.801972
10250.000000	-61.250722
10262.500000	-62.079650
10275.000000	-63.549488
10287.500000	-61.547845
10300.000000	-59.788730
10312.500000	-60.092895
10325.000000	-60.707268
10337.500000	-60.081454
10350.000000	-59.325908
10362.500000	-58.941865
10375.000000	-59.223247
10387.500000	-60.298270
10400.000000	-60.838660
10412.500000	-60.300813
10425.000000	-60.465825
10437.500000	-61.789953
10450.000000	-62.927494
10462.500000	-62.025544
10475.000000	-61.264947
10487.500000	-61.460858
10500.000000	-60.969721
10512.500000	-59.305797
10525.000000	-58.644701
10537.500000	-59.587897
10550.000000	-60.499248
10562.500000	-60.889285
10575.000000	-61.999483
10587.500000	-62.791868
10600.000000	-62.489317
10612.500000	-61.325739
10625.000000	-60.514230
10637.500000	-60.854083
10650.000000	-61.911279
10662.500000	-62.726339
10675.000000	-63.025331
10687.500000	-63.213609
10700.000000	-61.454656
10712.500000	-59.399211
10725.000000	-58.954749
10737.500000	-59.517499
10750.000000	-60.546947
10762.500000	-62.288791
10775.000000	-62.920135
10787.500000	-62.079188
10800.000000	-61.886099
10812.500000	-62.203929
10825.000000	-62.806597
10837.500000	-63.107087
10850.000000	-62.748926
10862.500000	-61.723500
10875.000000	-61.293489
10887.500000	-62.769954
10900.000000	-65.287006
10912.500000	-64.898358
10925.000000	-63.194199
10937.500000	-62.436526
10950.000000	-62.049110
10962.500000	-62.641306
10975.000000	-64.232156
10987.500000	-63.553153
11000.000000	-61.828697
11012.500000	-61.261058
11025.000000	-61.188982
11037.500000	-60.839806
11050.000000	-60.927533
11062.500000	-62.556500
11075.000000	-65.474357
11087.500000	-65.376182
11100.000000	-62.782227
11112.500000	-62.200415
11125.000000	-63.173247
11137.500000	-64.283057
11150.000000	-64.660070
11162.500000	-64.127153
11175.000000	-64.161540
11187.500000	-64.519302
11200.000000	-63.227643
11212.500000	-61.886917
11225.000000	-62.047508
11237.500000	-63.471240
11250.000000	-63.467019
11262.500000	-62.029622
11275.000000	-61.816576
11287.500000	-62.435216
11300.000000	-63.509911
11312.500000	-64.716064
11325.000000	-65.570664
11337.500000	-66.067603
11350.000000	-63.569668
11362.500000	-61.358483
11375.000000	-60.780450
11387.500000	-60.447458
11400.000000	-60.813961
11412.500000	-62.060737
11425.000000	-63.842061
11437.500000	-65.533137
11450.000000	-65.646724
11462.500000	-64.117380
11475.000000	-62.738576
11487.500000	-61.311222
11500.000000	-59.977728
11512.500000	-60.146567
11525.000000	-61.665516
11537.500000	-62.888461
11550.000000	-62.359939
11562.500000	-60.540599
11575.000000	-59.363928
11587.500000	-59.523654
11600.000000	-60.623115
11612.500000	-61.681991
11625.000000	-62.886243
11637.500000	-64.395227
11650.000000	-65.411091
11662.500000	-65.485861
11675.000000	-63.692577
11687.500000	-62.105672
11700.000000	-61.711898
11712.500000	-61.880471
11725.000000	-61.463177
11737.500000	-60.511674
11750.000000	-59.786924
11762.500000	-60.158876
11775.000000	-62.427390
11787.500000	-64.910067
11800.000000	-64.148229
11812.500000	-62.123664
11825.000000	-61.026345
11837.500000	-61.336785
11850.000000	-62.753642
11862.500000	-63.587095
11875.000000	-63.596538
11887.500000	-63.223397
11900.000000	-62.051484
11912.500000	-61.995702
11925.000000	-63.264980
11937.500000	-64.161178
11950.000000	-63.879836
11962.500000	-62.842267
11975.000000	-61.216305
11987.500000	-59.621809
12000.000000	-59.680541
12012.500000	-62.079654
12025.000000	-63.736136
12037.500000	-61.823307
12050.000000	-60.938523
12062.500000	-61.545080
12075.000000	-62.364145
12087.500000	-61.979415
12100.000000	-61.329766
12112.500000	-61.243074
12125.000000	-61.679098
12137.500000	-62.068988
12150.000000	-62.294160
12162.500000	-63.014981
12175.000000	-64.110256
12187.500000	-64.355109
12200.000000	-62.879412
12212.500000	-62.060872
12225.000000	-63.058762
12237.500000	-65.313366
12250.000000	-65.719244
12262.500000	-63.808506
12275.000000	-61.932504
12287.500000	-60.835916
12300.000000	-60.949947
12312.500000	-61.615939
12325.000000	-61.498493
12337.500000	-60.646933
12350.000000	-60.141443
12362.500000	-60.355864
12375.000000	-61.141354
12387.500000	-62.430249
12400.000000	-62.274667
12412.500000	-61.313898
12425.000000	-60.815904
12437.500000	-60.477071
12450.000000	-61.178293
12462.500000	-62.930511
12475.000000	-63.205198
12487.500000	-61.397273
12500.000000	-60.856776
12512.500000	-61.936698
12525.000000	-63.334330
12537.500000	-64.442905
12550.000000	-66.196697
12562.500000	-66.085954
12575.000000	-63.118377
12587.500000	-61.761246
12600.000000	-62.116768
12612.500000	-62.215690
12625.000000	-62.161526
12637.500000	-63.199499
12650.000000	-64.305701
12662.500000	-63.287308
12675.000000	-60.958470
12687.500000	-59.790279
12700.000000	-60.518558
12712.500000	-63.072173
12725.000000	-65.720986
12737.500000	-63.723832
12750.000000	-61.319517
12762.500000	-60.687696
12775.000000	-60.771235
12787.500000	-60.128415
12800.000000	-59.528363
12812.500000	-60.230318
12825.000000	-62.245268
12837.500000	-63.517174
12850.000000	-63.207119
12862.500000	-62.731195
12875.000000	-62.680994
12887.500000	-62.975102
12900.000000	-63.544031
12912.500000	-63.418340
12925.000000	-62.523693
12937.500000	-63.018378
12950.000000	-65.042791
12962.500000	-64.815473
12975.000000	-63.152666
12987.500000	-62.059583
13000.000000	-60.244556
13012.500000	-58.482704
13025.000000	-57.699344
13037.500000	-57.928231
13050.000000	-58.902407
13062.500000	-60.274406
13075.000000	-61.529555
13087.500000	-61.515794
13100.000000	-60.835093
13112.500000	-60.874466
13125.000000	-60.661478
13137.500000	-60.328191
13150.000000	-60.904698
13162.500000	-61.983307
13175.000000	-62.285084
13187.500000	-61.298080
13200.000000	-60.628701
13212.500000	-60.952966
13225.000000	-61.462908
13237.500000	-61.884120
13250.000000	-61.630355
13262.500000	-60.318621
13275.000000	-59.146370
13287.500000	-58.316139
13300.000000	-57.778284
13312.500000	-58.159081
13325.000000	-59.895735
13337.500000	-62.313499
13350.000000	-63.430236
13362.500000	-62.883213
13375.000000	-62.625106
13387.500000	-62.586137
13400.000000	-62.711946
13412.500000	-63.273382
13425.000000	-62.633525
13437.500000	-61.472352
13450.000000	-61.163380
13462.500000	-62.350292
13475.000000	-62.384998
13487.500000	-60.476646
13500.000000	-60.286040
13512.500000	-61.796367
13525.000000	-63.262069
13537.500000	-63.595227
13550.000000	-63.472626
13562.500000	-62.590553
13575.000000	-61.948954
13587.500000	-62.794669
13600.000000	-63.431056
13612.500000	-62.241301
13625.000000	-61.495428
13637.500000	-62.208539
13650.000000	-63.538150
13662.500000	-63.832027
13675.000000	-63.366431
13687.500000	-62.902721
13700.000000	-62.705443
13712.500000	-63.144743
13725.000000	-62.817973
13737.500000	-62.326623
13750.000000	-62.820646
13762.500000	-61.741708
13775.000000	-60.639838
13787.500000	-61.847734
13800.000000	-64.155144
13812.500000	-63.048938
13825.000000	-61.934697
13837.500000	-62.616885
13850.000000	-62.194809
13862.500000	-60.937872
13875.000000	-60.249991
13887.500000	-59.885587
13900.000000	-60.023307
13912.500000	-60.253529
13925.000000	-59.814772
13937.500000	-59.566049
13950.000000	-60.349798
13962.500000	-62.050938
13975.000000	-63.696722
13987.500000	-63.316471
14000.000000	-61.293054
14012.500000	-60.302120
14025.000000	-60.641074
14037.500000	-62.465645
14050.000000	-66.004103
14062.500000	-66.262370
14075.000000	-62.823909
14087.500000	-60.809250
14100.000000	-60.760497
14112.500000	-62.118868
14125.000000	-63.373868
14137.500000	-62.303029
14150.000000	-61.007624
14162.500000	-61.343729
14175.000000	-61.481964
14187.500000	-60.524665
14200.000000	-61.326050
14212.500000	-64.082947
14225.000000	-64.892904
14237.500000	-63.460774
14250.000000	-62.262623
14262.500000	-61.564526
14275.000000	-61.541663
14287.500000	-61.703456
14300.000000	-61.687704
14312.500000	-62.184807
14325.000000	-63.146328
14337.500000	-63.311159
14350.000000	-63.880638
14362.500000	-63.812707
14375.000000	-61.469910
14387.500000	-60.266216
14400.000000	-60.652569
14412.500000	-60.629268
14425.000000	-60.361814
14437.500000	-60.657849
14450.000000	-60.934064
14462.500000	-61.289265
14475.000000	-62.155059
14487.500000	-62.675139
14500.000000	-62.058589
14512.500000	-60.632936
14525.000000	-59.404199
14537.500000	-59.245725
14550.000000	-59.769977
14562.500000	-60.833283
14575.000000	-61.914511
14587.500000	-61.627507
14600.000000	-61.243497
14612.500000	-60.627894
14625.000000	-60.514139
14637.500000	-62.005896
14650.000000	-62.959130
14662.500000	-61.806559
14675.000000	-61.335649
14687.500000	-61.699719
14700.000000	-62.475440
14712.500000	-64.185006
14725.000000	-66.236204
14737.500000	-66.017881
14750.000000	-64.878960
14762.500000	-65.188950
14775.000000	-64.484781
14787.500000	-63.052889
14800.000000	-61.830271
14812.500000	-60.819418
14825.000000	-60.262058
14837.500000	-59.993054
14850.000000	-60.081036
14862.500000	-60.438008
14875.000000	-61.264608
14887.500000	-62.894314
14900.000000	-63.446002
14912.500000	-63.149009
14925.000000	-63.149036
14937.500000	-62.328866
14950.000000	-61.447588
14962.500000	-62.332120
14975.000000	-64.782433
14987.500000	-65.121777
15000.000000	-63.123367
15012.500000	-61.876397
15025.000000	-60.445535
15037.500000	-59.642021
15050.000000	-60.347711
15062.500000	-60.907179
15075.000000	-60.586669
15087.500000	-60.566614
15100.000000	-61.186873
15112.500000	-61.416780
15125.000000	-60.967449
15137.500000	-60.655484
15150.000000	-60.749320
15162.500000	-61.658026
15175.000000	-62.576766
15187.500000	-62.442969
15200.000000	-62.721139
15212.500000	-62.911698
15225.000000	-62.286829
15237.500000	-61.799995
15250.000000	-61.324318
15262.500000	-61.233156
15275.000000	-62.378701
15287.500000	-63.890841
15300.000000	-62.195258
15312.500000	-60.464468
15325.000000	-60.237415
15337.500000	-60.313203
15350.000000	-59.871592
15362.500000	-59.574828
15375.000000	-59.790928
15387.500000	-60.565143
15400.000000	-62.127898
15412.500000	-60.892911
15425.000000	-58.460301
15437.500000	-58.253486
15450.000000	-59.521511
15462.500000	-60.357255
15475.000000	-60.138150
15487.500000	-59.433477
15500.000000	-59.267512
15512.500000	-60.093735
15525.000000	-61.310235
15537.500000	-62.087989
15550.000000	-62.524617
15562.500000	-63.626322
15575.000000	-64.563576
15587.500000	-64.200936
15600.000000	-63.111364
15612.500000	-62.487161
15625.000000	-62.563070
15637.500000	-62.306094
15650.000000	-60.834442
15662.500000	-59.253967
15675.000000	-58.631037
15687.500000	-59.570451
15700.000000	-61.681340
15712.500000	-63.398818
15725.000000	-63.856410
15737.500000	-64.265897
15750.000000	-64.247983
15762.500000	-61.939160
15775.000000	-60.432175
15787.500000	-60.789254
15800.000000	-61.617419
15812.500000	-61.715415
15825.000000	-62.865970
15837.500000	-65.227526
15850.000000	-63.634924
15862.500000	-61.536138
15875.000000	-60.852086
15887.500000	-60.754916
15900.000000	-60.825295
15912.500000	-60.875708
15925.000000	-61.679643
15937.500000	-63.000559
15950.000000	-63.426095
15962.500000	-62.555070
15975.000000	-61.564488
15987.500000	-61.823143
16000.000000	-63.270110
16012.500000	-64.888987
16025.000000	-64.566765
16037.500000	-62.894717
16050.000000	-62.006394
16062.500000	-61.501893
16075.000000	-60.562053
16087.500000	-59.411486
16100.000000	-58.893504
16112.500000	-59.558079
16125.000000	-60.996493
16137.500000	-62.529895
16150.000000	-63.584595
16162.500000	-63.275053
16175.000000	-62.938477
16187.500000	-61.853675
16200.000000	-60.439805
16212.500000	-60.511017
16225.000000	-60.922148
16237.500000	-60.419848
16250.000000	-60.245620
16262.500000	-61.034303
16275.000000	-61.198260
16287.500000	-59.979341
16300.000000	-59.592177
16312.500000	-60.207218
16325.000000	-60.088533
16337.500000	-59.594580
16350.000000	-60.517579
16362.500000	-62.090664
16375.000000	-62.508991
16387.500000	-62.999250
16400.000000	-63.324024
16412.500000	-63.336087
16425.000000	-63.612924
16437.500000	-63.775154
16450.000000	-62.676136
16462.500000	-60.909274
16475.000000	-60.455751
16487.500000	-60.960295
16500.000000	-61.567416
16512.500000	-62.511351
16525.000000	-63.219850
16537.500000	-61.825245
16550.000000	-60.004704
16562.500000	-59.186675
16575.000000	-59.562549
16587.500000	-61.026149
16600.000000	-62.270157
16612.500000	-61.720308
16625.000000	-59.640820
16637.500000	-58.195621
16650.000000	-58.760394
16662.500000	-59.926218
16675.000000	-59.376731
16687.500000	-58.684852
16700.000000	-59.247687
16712.500000	-61.643293
16725.000000	-64.587738
16737.500000	-64.791127
16750.000000	-62.665892
16762.500000	-61.253973
16775.000000	-61.049222
16787.500000	-61.743185
16800.000000	-62.824849
16812.500000	-62.792387
16825.000000	-62.887851
16837.500000	-63.492507
16850.000000	-62.180080
16862.500000	-61.043646
16875.000000	-61.197920
16887.500000	-61.237594
16900.000000	-60.898089
16912.500000	-61.254906
16925.000000	-62.322144
16937.500000	-63.808975
16950.000000	-64.595788
16962.500000	-62.262731
16975.000000	-60.513254
16987.500000	-60.215660
17000.000000	-60.901587
17012.500000	-62.702604
17025.000000	-63.765552
17037.500000	-63.141753
17050.000000	-61.520479
17062.500000	-60.257116
17075.000000	-59.859030
17087.500000	-59.475635
17100.000000	-59.758995
17112.500000	-61.117814
17125.000000	-62.289887
17137.500000	-62.534622
17150.000000	-61.484095
17162.500000	-60.252630
17175.000000	-60.347913
17187.500000	-61.599650
17200.000000	-62.042902
17212.500000	-62.269784
17225.000000	-64.146223
17237.500000	-65.775262
17250.000000	-63.963962
17262.500000	-61.860827
17275.000000	-60.415802
17287.500000	-60.192361
17300.000000	-61.715724
17312.500000	-63.484059
17325.000000	-63.028800
17337.500000	-61.722246
17350.000000	-61.437391
17362.500000	-62.322586
17375.000000	-62.712819
17387.500000	-62.321150
17400.000000	-62.445294
17412.500000	-63.449600
17425.000000	-64.896606
17437.500000	-65.069687
17450.000000	-63.645648
17462.500000	-62.116413
17475.000000	-61.053587
17487.500000	-61.174948
17500.000000	-62.065629
17512.500000	-62.318616
17525.000000	-61.432023
17537.500000	-60.447342
17550.000000	-60.378919
17562.500000	-60.936275
17575.000000	-61.004003
17587.500000	-60.670623
17600.000000	-61.054213
17612.500000	-62.784808
17625.000000	-63.428856
17637.500000	-62.677996
17650.000000	-62.640026
17662.500000	-61.848388
17675.000000	-60.034854
17687.500000	-59.820710
17700.000000	-60.654264
17712.500000	-59.904726
17725.000000	-59.699376
17737.500000	-61.801305
17750.000000	-65.328374
17762.500000	-67.058340
17775.000000	-65.258288
17787.500000	-64.208959
17800.000000	-63.575412
17812.500000	-62.764069
17825.000000	-61.859134
17837.500000	-60.015272
17850.000000	-58.561406
17862.500000	-58.550799
17875.000000	-59.870028
17887.500000	-61.851165
17900.000000	-62.349274
17912.500000	-61.648705
17925.000000	-61.795068
17937.500000	-61.564361
17950.000000	-60.860981
17962.500000	-60.764228
17975.000000	-61.449813
17987.500000	-62.438372
18000.000000	-63.125754
18012.500000	-64.621520
18025.000000	-65.726165
18037.500000	-63.772318
18050.000000	-61.029631
18062.500000	-60.174599
18075.000000	-61.293856
18087.500000	-62.518584
18100.000000	-61.765504
18112.500000	-60.539286
18125.000000	-60.149933
18137.500000	-60.696192
18150.000000	-62.340299
18162.500000	-63.988063
18175.000000	-63.488711
18187.500000	-62.635410
18200.000000	-63.186043
18212.500000	-64.982028
18225.000000	-65.439228
18237.500000	-63.735194
18250.000000	-61.725800
18262.500000	-60.054525
18275.000000	-59.120465
18287.500000	-59.202544
18300.000000	-60.868302
18312.500000	-64.489255
18325.000000	-66.661637
18337.500000	-63.292254
18350.000000	-60.785500
18362.500000	-59.795617
18375.000000	-60.040454
18387.500000	-61.637393
18400.000000	-63.080759
18412.500000	-62.398082
18425.000000	-61.805329
18437.500000	-61.456789
18450.000000	-60.725104
18462.500000	-60.668988
18475.000000	-61.698760
18487.500000	-62.230886
18500.000000	-61.938759
18512.500000	-62.455468
18525.000000	-63.007899
18537.500000	-63.304419
18550.000000	-64.241308
18562.500000	-64.621974
18575.000000	-63.523726
18587.500000	-62.905348
18600.000000	-62.265197
18612.500000	-61.732327
18625.000000	-61.063723
18637.500000	-60.475355
18650.000000	-61.224329
18662.500000	-63.036252
18675.000000	-64.040322
18687.500000	-63.753877
18700.000000	-63.608959
18712.500000	-63.155231
18725.000000	-63.159869
18737.500000	-63.657726
18750.000000	-63.428600
18762.500000	-62.884597
18775.000000	-61.753675
18787.500000	-61.452772
18800.000000	-62.045502
18812.500000	-61.959647
18825.000000	-61.580870
18837.500000	-61.406574
18850.000000	-60.926259
18862.500000	-60.700346
18875.000000	-61.208477
18887.500000	-61.858029
18900.000000	-62.656894
18912.500000	-63.194818
18925.000000	-62.747885
18937.500000	-63.216790
18950.000000	-64.005276
18962.500000	-62.785821
18975.000000	-61.414605
18987.500000	-61.399382
19000.000000	-62.928397
19012.500000	-65.021565
19025.000000	-64.558519
19037.500000	-61.973440
19050.000000	-59.694049
19062.500000	-58.721859
19075.000000	-59.091792
19087.500000	-60.426248
19100.000000	-62.493232
19112.500000	-62.791921
19125.000000	-60.554099
19137.500000	-59.684876
19150.000000	-60.010576
19162.500000	-59.668889
19175.000000	-59.153367
19187.500000	-59.946641
19200.000000	-61.339255
19212.500000	-61.338380
19225.000000	-60.621541
19237.500000	-60.586947
19250.000000	-61.462504
19262.500000	-62.919910
19275.000000	-63.758317
19287.500000	-63.006472
19300.000000	-62.326851
19312.500000	-61.380421
19325.000000	-60.484838
19337.500000	-60.548752
19350.000000	-61.595103
19362.500000	-62.472730
19375.000000	-62.195700
19387.500000	-62.424266
19400.000000	-63.189857
19412.500000	-63.613019
19425.000000	-63.566860
19437.500000	-61.568220
19450.000000	-59.650885
19462.500000	-59.303454
19475.000000	-60.758014
19487.500000	-63.611295
19500.000000	-65.353011
19512.500000	-64.324251
19525.000000	-63.425051
19537.500000	-63.345733
19550.000000	-63.345897
19562.500000	-62.613396
19575.000000	-61.791614
19587.500000	-60.993631
19600.000000	-60.257538
19612.500000	-60.138521
19625.000000	-60.855351
19637.500000	-62.085178
19650.000000	-62.797634
19662.500000	-63.344688
19675.000000	-62.950870
19687.500000	-61.361961
19700.000000	-60.868335
19712.500000	-62.215782
19725.000000	-64.133423
19737.500000	-64.147112
19750.000000	-63.034371
19762.500000	-62.076025
19775.000000	-62.425966
19787.500000	-64.026993
19800.000000	-64.721495
19812.500000	-64.002540
19825.000000	-62.755986
19837.500000	-61.965790
19850.000000	-61.717235
19862.500000	-61.216727
19875.000000	-61.040875
19887.500000	-61.379461
19900.000000	-61.751975
19912.500000	-61.875364
19925.000000	-61.443462
19937.500000	-61.555085
19950.000000	-61.174669
19962.500000	-53.282931
19975.000000	-44.015022
19987.500000	-38.438939
20000.000000	-36.648618
20012.500000	-38.583597
20025.000000	-44.250832
20037.500000	-53.040690
20050.000000	-60.076295
20062.500000	-62.180933
20075.000000	-62.676430
20087.500000	-62.622681
20100.000000	-62.179277
20112.500000	-61.995626
20125.000000	-62.217216
20137.500000	-62.767417
20150.000000	-63.243476
20162.500000	-62.488837
20175.000000	-61.884468
20187.500000	-62.311830
20200.000000	-62.371366
20212.500000	-61.292144
20225.000000	-61.070918
20237.500000	-61.624431
20250.000000	-61.664653
20262.500000	-61.606584
20275.000000	-61.998681
20287.500000	-62.790547
20300.000000	-63.674151
20312.500000	-63.666093
20325.000000	-63.161924
20337.500000	-63.029866
20350.000000	-62.511302
20362.500000	-60.935414
20375.000000	-59.796359
20387.500000	-60.106108
20400.000000	-61.436661
20412.500000	-62.376425
20425.000000	-62.096318
20437.500000	-61.494873
20450.000000	-61.064306
20462.500000	-60.912909
20475.000000	-61.473036
20487.500000	-61.806238
20500.000000	-60.983448
20512.500000	-59.747320
20525.000000	-58.519819
20537.500000	-58.531186
20550.000000	-60.435073
20562.500000	-63.960316
20575.000000	-65.701054
20587.500000	-63.530805
20600.000000	-60.842092
20612.500000	-59.513448
20625.000000	-59.782816
20637.500000	-60.886211
20650.000000	-61.766291
20662.500000	-61.375623
20675.000000	-60.382855
20687.500000	-60.319957
20700.000000	-61.189810
20712.500000	-61.664088
20725.000000	-61.203087
20737.500000	-60.625841
20750.000000	-60.871808
20762.500000	-62.658753
20775.000000	-63.961835
20787.500000	-63.248484
20800.000000	-63.536227
20812.500000	-64.380670
20825.000000	-63.770873
20837.500000	-62.888020
20850.000000	-63.160718
20862.500000	-64.073384
20875.000000	-64.129290
20887.500000	-63.348253
20900.000000	-62.240444
20912.500000	-61.291866
20925.000000	-60.777265
20937.500000	-61.139606
20950.000000	-62.023752
20962.500000	-62.554892
20975.000000	-63.232468
20987.500000	-63.475466
21000.000000	-62.916628
21012.500000	-63.191444
21025.000000	-64.097029
21037.500000	-64.674476
21050.000000	-64.080861
21062.500000	-61.629150
21075.000000	-60.280347
21087.500000	-60.606565
21100.000000	-61.179352
21112.500000	-62.291966
21125.000000	-65.169301
21137.500000	-64.194857
21150.000000	-61.046272
21162.500000	-60.175907
21175.000000	-60.812197
21187.500000	-61.376197
21200.000000	-61.559710
21212.500000	-61.953000
21225.000000	-61.940758
21237.500000	-61.911713
21250.000000	-61.875352
21262.500000	-61.728177
21275.000000	-61.652250
21287.500000	-61.954661
21300.000000	-62.022182
21312.500000	-61.058361
21325.000000	-61.297438
21337.500000	-62.075130
21350.000000	-61.255955
21362.500000	-59.941625
21375.000000	-59.770215
21387.500000	-61.689262
21400.000000	-63.439329
21412.500000	-63.180542
21425.000000	-64.330696
21437.500000	-64.557154
21450.000000	-61.783426
21462.500000	-59.878663
21475.000000	-59.756440
21487.500000	-60.772809
21500.000000	-61.942464
21512.500000	-62.600950
21525.000000	-62.792870
21537.500000	-63.679155
21550.000000	-63.990344
21562.500000	-62.605325
21575.000000	-60.812459
21587.500000	-59.864040
21600.000000	-60.123130
21612.500000	-60.231566
21625.000000	-60.170018
21637.500000	-61.281493
21650.000000	-63.495994
21662.500000	-64.752345
21675.000000	-63.448076
21687.500000	-61.697590
21700.000000	-60.089389
21712.500000	-58.771447
21725.000000	-58.598202
21737.500000	-59.727294
21750.000000	-60.745501
21762.500000	-60.641494
21775.000000	-60.324443
21787.500000	-59.557396
21800.000000	-58.692527
21812.500000	-58.707422
21825.000000	-59.138334
21837.500000	-59.507558
21850.000000	-59.999952
21862.500000	-60.632350
21875.000000	-61.079639
21887.500000	-60.488213
21900.000000	-59.777875
21912.500000	-60.053962
21925.000000	-60.176002
21937.500000	-59.966376
21950.000000	-60.911669
21962.500000	-62.553158
21975.000000	-63.374788
21987.500000	-62.990822
22000.000000	-62.438341
22012.500000	-62.537992
22025.000000	-61.321524
22037.500000	-59.973240
22050.000000	-60.670590
22062.500000	-62.071089
22075.000000	-62.095735
22087.500000	-61.240218
22100.000000	-60.325499
22112.500000	-60.207402
22125.000000	-61.679133
22137.500000	-63.358799
22150.000000	-61.684630
22162.500000	-60.589386
22175.000000	-61.639810
22187.500000	-63.542566
22200.000000	-63.684026
22212.500000	-62.208184
22225.000000	-61.737265
22237.500000	-62.223370
22250.000000	-62.430615
22262.500000	-62.021879
22275.000000	-62.473942
22287.500000	-63.054753
22300.000000	-61.528584
22312.500000	-59.606615
22325.000000	-58.954731
22337.500000	-59.477949
22350.000000	-59.980055
22362.500000	-60.128183
22375.000000	-60.315770
22387.500000	-60.346906
22400.000000	-60.470403
22412.500000	-60.847309
22425.000000	-61.482252
22437.500000	-61.309885
22450.000000	-60.808566
22462.500000	-61.095920
22475.000000	-62.250192
22487.500000	-63.930936
22500.000000	-64.101494
22512.500000	-62.906546
22525.000000	-61.779270
22537.500000	-61.011546
22550.000000	-61.289552
22562.500000	-62.043495
22575.000000	-62.187809
22587.500000	-62.828432
22600.000000	-65.125428
22612.500000	-66.559348
22625.000000	-63.664779
22637.500000	-61.274363
22650.000000	-60.934759
22662.500000	-61.059604
22675.000000	-60.464840
22687.500000	-60.287812
22700.000000	-60.817572
22712.500000	-61.640112
22725.000000	-62.385591
22737.500000	-61.943131
22750.000000	-59.980049
22762.500000	-58.964499
22775.000000	-59.865723
22787.500000	-61.150939
22800.000000	-60.684168
22812.500000	-59.906780
22825.000000	-59.408216
22837.500000	-59.235076
22850.000000	-59.969518
22862.500000	-61.388271
22875.000000	-61.977960
22887.500000	-61.558892
22900.000000	-61.689853
22912.500000	-61.745250
22925.000000	-60.921001
22937.500000	-60.788633
22950.000000	-61.290944
22962.500000	-61.337118
22975.000000	-60.791237
22987.500000	-60.490732
23000.000000	-61.141839
23012.500000	-62.493407
23025.000000	-62.696465
23037.500000	-62.383067
23050.000000	-63.370126
23062.500000	-63.193139
23075.000000	-62.179630
23087.500000	-62.296663
23100.000000	-62.982344
23112.500000	-64.178993
23125.000000	-65.629767
23137.500000	-64.874756
23150.000000	-63.057215
23162.500000	-61.296799
23175.000000	-60.067243
23187.500000	-59.939998
23200.000000	-60.046601
23212.500000	-60.068758
23225.000000	-60.857247
23237.500000	-62.131645
23250.000000	-62.639872
23262.500000	-62.418670
23275.000000	-62.415946
23287.500000	-63.020605
23300.000000	-63.269709
23312.500000	-63.500459
23325.000000	-62.502608
23337.500000	-61.834060
23350.000000	-63.041756
23362.500000	-64.602359
23375.000000	-64.610777
23387.500000	-64.092097
23400.000000	-64.500298
23412.500000	-64.911712
23425.000000	-62.242865
23437.500000	-59.896521
23450.000000	-59.928596
23462.500000	-61.176694
23475.000000	-62.661251
23487.500000	-63.634695
23500.000000	-63.786746
23512.500000	-63.239213
23525.000000	-62.132988
23537.500000	-61.550914
23550.000000	-61.536643
23562.500000	-61.821026
23575.000000	-61.973478
23587.500000	-62.217788
23600.000000	-62.903505
23612.500000	-63.491246
23625.000000	-63.691010
23637.500000	-63.863705
23650.000000	-61.983966
23662.500000	-60.454496
23675.000000	-60.422624
23687.500000	-60.435678
23700.000000	-60.831133
23712.500000	-61.975213
23725.000000	-62.797244
23737.500000	-61.802522
23750.000000	-60.285320
23762.500000	-60.156384
23775.000000	-60.367555
23787.500000	-60.083742
23800.000000	-60.579650
23812.500000	-61.793613
23825.000000	-62.206561
23837.500000	-62.270780
23850.000000	-62.977158
23862.500000	-62.582156
23875.000000	-61.507633
23887.500000	-61.717832
23900.000000	-62.249845
23912.500000	-61.672310
23925.000000	-60.848586
23937.500000	-60.859348
23950.000000	-61.792009
23962.500000	-63.223215
23975.000000	-63.438610
23987.500000	-61.835718
24000.000000	-60.295244
24012.500000	-59.784070
24025.000000	-59.950658
24037.500000	-60.091756
24050.000000	-60.712034
24062.500000	-61.879129
24075.000000	-61.972878
24087.500000	-60.728386
24100.000000	-60.094881
24112.500000	-61.113568
24125.000000	-63.118129
24137.500000	-63.593348
24150.000000	-63.111882
24162.500000	-62.880735
24175.000000	-62.090445
24187.500000	-61.228648
24200.000000	-60.689284
24212.500000	-60.240399
24225.000000	-60.293314
24237.500000	-61.261666
24250.000000	-62.813603
24262.500000	-63.777014
24275.000000	-63.064464
24287.500000	-62.708464
24300.000000	-63.340799
24312.500000	-61.960696
24325.000000	-59.615738
24337.500000	-59.174136
24350.000000	-60.588353
24362.500000	-62.590867
24375.000000	-63.999077
24387.500000	-63.222571
24400.000000	-61.480567
24412.500000	-60.352558
24425.000000	-59.774582
24437.500000	-59.876522
24450.000000	-60.285754
24462.500000	-60.745420
24475.000000	-61.086053
24487.500000	-60.928636
24500.000000	-61.013254
24512.500000	-61.309268
24525.000000	-60.934761
24537.500000	-60.077582
24550.000000	-59.391828
24562.500000	-59.521152
24575.000000	-60.035064
24587.500000	-60.268818
24600.000000	-59.866159
24612.500000	-58.994674
24625.000000	-58.620560
24637.500000	-58.935872
24650.000000	-59.974376
24662.500000	-60.949416
24675.000000	-61.129113
24687.500000	-61.869990
24700.000000	-63.566575
24712.500000	-64.648817
24725.000000	-64.142885
24737.500000	-62.413680
24750.000000	-61.213376
24762.500000	-60.815402
24775.000000	-60.326261
24787.500000	-60.044948
24800.000000	-60.773714
24812.500000	-61.566988
24825.000000	-61.390988
24837.500000	-61.779658
24850.000000	-62.760276
24862.500000	-62.225842
24875.000000	-60.600513
24887.500000	-60.521153
24900.000000	-62.458221
24912.500000	-64.124477
24925.000000	-63.526436
24937.500000	-62.036656
24950.000000	-60.424612
24962.500000	-59.594251
24975.000000	-59.908689
24987.500000	-60.619179
25000.000000	-61.142312
25012.500000	-62.080139
25025.000000	-63.285816
25037.500000	-61.672519
25050.000000	-60.116737
25062.500000	-60.868917
25075.000000	-63.154133
25087.500000	-64.289543
25100.000000	-62.540603
25112.500000	-61.227278
25125.000000	-61.016889
25137.500000	-60.005330
25150.000000	-58.901924
25162.500000	-59.203090
25175.000000	-60.991124
25187.500000	-63.251751
25200.000000	-63.425734
25212.500000	-62.494788
25225.000000	-62.469110
25237.500000	-63.047779
25250.000000	-63.149741
25262.500000	-62.639734
25275.000000	-62.159957
25287.500000	-61.100070
25300.000000	-60.183183
25312.500000	-60.377119
25325.000000	-61.524724
25337.500000	-62.412331
25350.000000	-62.346685
25362.500000	-62.228218
25375.000000	-62.057479
25387.500000	-62.859548
25400.000000	-64.908292
25412.500000	-64.774017
25425.000000	-63.541536
25437.500000	-63.144535
25450.000000	-61.821176
25462.500000	-60.539322
25475.000000	-60.667178
25487.500000	-60.501759
25500.000000	-59.361162
25512.500000	-58.881861
25525.000000	-59.439434
25537.500000	-60.109640
25550.000000	-60.347632
25562.500000	-61.204320
25575.000000	-63.198696
25587.500000	-64.062046
25600.000000	-61.807026
25612.500000	-60.142791
25625.000000	-60.418377
25637.500000	-61.982012
25650.000000	-63.115993
25662.500000	-63.576603
25675.000000	-64.323848
25687.500000	-63.594757
25700.000000	-62.169566
25712.500000	-61.642922
25725.000000	-61.863028
25737.500000	-62.792306
25750.000000	-63.398706
25762.500000	-62.579255
25775.000000	-62.150767
25787.500000	-62.658131
25800.000000	-62.195271
25812.500000	-60.689332
25825.000000	-60.155276
25837.500000	-60.411029
25850.000000	-60.653688
25862.500000	-61.485393
25875.000000	-62.191366
25887.500000	-62.084224
25900.000000	-62.296872
25912.500000	-62.618321
25925.000000	-62.404488
25937.500000	-62.722642
25950.000000	-63.369259
25962.500000	-61.645967
25975.000000	-60.635831
25987.500000	-62.073029
26000.000000	-64.022498
26012.500000	-62.324451
26025.000000	-59.469015
26037.500000	-58.270017
26050.000000	-58.877293
26062.500000	-60.034374
26075.000000	-60.408942
26087.500000	-60.896844
26100.000000	-62.537453
26112.500000	-63.797763
26125.000000	-62.808796
26137.500000	-61.867693
26150.000000	-61.373240
26162.500000	-60.949012
26175.000000	-60.880613
26187.500000	-61.679313
26200.000000	-63.042993
26212.500000	-64.212554
26225.000000	-65.280910
26237.500000	-65.015878
26250.000000	-64.038601
26262.500000	-64.493583
26275.000000	-64.685681
26287.500000	-63.722184
26300.000000	-63.565849
26312.500000	-62.354498
26325.000000	-60.122478
26337.500000	-58.744740
26350.000000	-58.387541
26362.500000	-58.600674
26375.000000	-58.733835
26387.500000	-58.562234
26400.000000	-58.973602
26412.500000	-60.215558
26425.000000	-60.244610
26437.500000	-59.680714
26450.000000	-60.037405
26462.500000	-60.379236
26475.000000	-59.749731
26487.500000	-59.650570
26500.000000	-60.703151
26512.500000	-61.876568
26525.000000	-62.521540
26537.500000	-62.485828
26550.000000	-62.106855
26562.500000	-62.114474
26575.000000	-62.029037
26587.500000	-62.165489
26600.000000	-62.015030
26612.500000	-61.156828
26625.000000	-60.706719
26637.500000	-61.062161
26650.000000	-60.820068
26662.500000	-59.224418
26675.000000	-58.478223
26687.500000	-59.018292
26700.000000	-59.877410
26712.500000	-60.076782
26725.000000	-60.097074
26737.500000	-60.858439
26750.000000	-62.719572
26762.500000	-65.566098
26775.000000	-66.734679
26787.500000	-65.461706
26800.000000	-63.913971
26812.500000	-62.308173
26825.000000	-61.419940
26837.500000	-61.365066
26850.000000	-61.130965
26862.500000	-60.376287
26875.000000	-60.083639
26887.500000	-60.633103
26900.000000	-61.624630
26912.500000	-61.605253
26925.000000	-60.203024
26937.500000	-59.504324
26950.000000	-60.028823
26962.500000	-61.044068
26975.000000	-61.718624
26987.500000	-61.776307
27000.000000	-61.742076
27012.500000	-62.048481
27025.000000	-62.413861
27037.500000	-62.639492
27050.000000	-63.433628
27062.500000	-63.641176
27075.000000	-62.132712
27087.500000	-60.862198
27100.000000	-60.457939
27112.500000	-60.777972
27125.000000	-61.461113
27137.500000	-61.640944
27150.000000	-61.413636
27162.500000	-62.016108
27175.000000	-63.610955
27187.500000	-64.233624
27200.000000	-63.467440
27212.500000	-63.374089
27225.000000	-64.611931
27237.500000	-63.826941
27250.000000	-61.425416
27262.500000	-61.202703
27275.000000	-62.030246
27287.500000	-61.114534
27300.000000	-60.573934
27312.500000	-61.773829
27325.000000	-63.800013
27337.500000	-64.322394
27350.000000	-63.806110
27362.500000	-63.150704
27375.000000	-62.379597
27387.500000	-61.632611
27400.000000	-60.655078
27412.500000	-60.068336
27425.000000	-60.106655
27437.500000	-60.425817
27450.000000	-60.870106
27462.500000	-61.928858
27475.000000	-62.499926
27487.500000	-61.886601
27500.000000	-61.157754
27512.500000	-60.623001
27525.000000	-60.041064
27537.500000	-59.565827
27550.000000	-60.854090
27562.500000	-63.388163
27575.000000	-61.963266
27587.500000	-60.888194
27600.000000	-61.744043
27612.500000	-62.172226
27625.000000	-61.551641
27637.500000	-61.723073
27650.000000	-62.427432
27662.500000	-62.707844
27675.000000	-63.140016
27687.500000	-63.860131
27700.000000	-63.193078
27712.500000	-60.889492
27725.000000	-59.644719
27737.500000	-60.063808
27750.000000	-61.815925
27762.500000	-63.085313
27775.000000	-61.998368
27787.500000	-61.043353
27800.000000	-61.420359
27812.500000	-62.460105
27825.000000	-63.696159
27837.500000	-63.191826
27850.000000	-60.856749
27862.500000	-59.215112
27875.000000	-58.863798
27887.500000	-59.326519
27900.000000	-59.745647
27912.500000	-59.866083
27925.000000	-60.106578
27937.500000	-61.227989
27950.000000	-62.266379
27962.500000	-62.465565
27975.000000	-60.978345
27987.500000	-59.406206
28000.000000	-59.612524
28012.500000	-61.668963
28025.000000	-63.154590
28037.500000	-61.703668
28050.000000	-60.553299
28062.500000	-60.617671
28075.000000	-61.404951
28087.500000	-61.679942
28100.000000	-61.478786
28112.500000	-61.002273
28125.000000	-61.446785
28137.500000	-62.610366
28150.000000	-60.504538
28162.500000	-58.931408
28175.000000	-59.470108
28187.500000	-60.772594
28200.000000	-61.615817
28212.500000	-61.988850
28225.000000	-61.569998
28237.500000	-61.665152
28250.000000	-62.681572
28262.500000	-62.698950
28275.000000	-62.559015
28287.500000	-63.389512
28300.000000	-63.909603
28312.500000	-63.462242
28325.000000	-65.186044
28337.500000	-68.183572
28350.000000	-64.498075
28362.500000	-62.415395
28375.000000	-62.628080
28387.500000	-63.165533
28400.000000	-62.967849
28412.500000	-62.550277
28425.000000	-61.951675
28437.500000	-61.367680
28450.000000	-61.315108
28462.500000	-61.867484
28475.000000	-62.334270
28487.500000	-61.912876
28500.000000	-61.448572
28512.500000	-61.163615
28525.000000	-61.610041
28537.500000	-63.464714
28550.000000	-64.346625
28562.500000	-63.506606
28575.000000	-62.629088
28587.500000	-60.061175
28600.000000	-58.027252
28612.500000	-57.774941
28625.000000	-59.137081
28637.500000	-61.924010
28650.000000	-65.233240
28662.500000	-65.678339
28675.000000	-64.240287
28687.500000	-62.703137
28700.000000	-60.972785
28712.500000	-60.616717
28725.000000	-62.273359
28737.500000	-64.052884
28750.000000	-63.474001
28762.500000	-62.444901
28775.000000	-61.656496
28787.500000	-61.521621
28800.000000	-62.194083
28812.500000	-63.034186
28825.000000	-62.887099
28837.500000	-61.384480
28850.000000	-60.457360
28862.500000	-61.014712
28875.000000	-62.372134
28887.500000	-62.157752
28900.000000	-60.887496
28912.500000	-61.572210
28925.000000	-64.069684
28937.500000	-63.332146
28950.000000	-60.882502
28962.500000	-59.826844
28975.000000	-60.385510
28987.500000	-62.328300
29000.000000	-64.158995
29012.500000	-64.261345
29025.000000	-64.687915
29037.500000	-64.730950
29050.000000	-62.917670
29062.500000	-61.642011
29075.000000	-61.824314
29087.500000	-62.174718
29100.000000	-62.066982
29112.500000	-62.338027
29125.000000	-63.105305
29137.500000	-63.640190
29150.000000	-62.816708
29162.500000	-62.213689
29175.000000	-62.484635
29187.500000	-62.097757
29200.000000	-61.133224
29212.500000	-60.900683
29225.000000	-60.697406
29237.500000	-60.019913
29250.000000	-60.133526
29262.500000	-61.280421
29275.000000	-62.170993
29287.500000	-61.987104
29300.000000	-61.891269
29312.500000	-60.967098
29325.000000	-59.749701
29337.500000	-59.349742
29350.000000	-59.649324
29362.500000	-60.895649
29375.000000	-62.966801
29387.500000	-64.004068
29400.000000	-63.749231
29412.500000	-62.382414
29425.000000	-61.890741
29437.500000	-62.606851
29450.000000	-63.626309
29462.500000	-63.090627
29475.000000	-60.411944
29487.500000	-58.785615
29500.000000	-58.777260
29512.500000	-59.504777
29525.000000	-60.476975
29537.500000	-61.971381
29550.000000	-62.953276
29562.500000	-62.422431
29575.000000	-62.541900
29587.500000	-63.571128
29600.000000	-63.056823
29612.500000	-61.204541
29625.000000	-60.757921
29637.500000	-62.365333
29650.000000	-64.298591
29662.500000	-64.624901
29675.000000	-63.326607
29687.500000	-61.722359
29700.000000	-61.167562
29712.500000	-61.150549
29725.000000	-60.716405
29737.500000	-60.033757
29750.000000	-60.164408
29762.500000	-61.339514
29775.000000	-62.818536
29787.500000	-63.874549
29800.000000	-63.311301
29812.500000	-61.511262
29825.000000	-60.747435
29837.500000	-61.564507
29850.000000	-63.855748
29862.500000	-64.876002
29875.000000	-63.127920
29887.500000	-61.692919
29900.000000	-61.070419
29912.500000	-61.799596
29925.000000	-63.086606
29937.500000	-61.818509
29950.000000	-59.658830
29962.500000	-56.567999
29975.000000	-50.421206
29987.500000	-45.789613
30000.000000	-44.253850
30012.500000	-45.775219
30025.000000	-50.110053
30037.500000	-55.875546
30050.000000	-58.820227
30062.500000	-59.290211
30075.000000	-59.783601
30087.500000	-60.221316
30100.000000	-61.090425
30112.500000	-62.597345
30125.000000	-63.731102
30137.500000	-64.370928
30150.000000	-63.844771
30162.500000	-62.183041
30175.000000	-62.025815
30187.500000	-62.964110
30200.000000	-63.718162
30212.500000	-64.668422
30225.000000	-65.101805
30237.500000	-64.039527
30250.000000	-62.423724
30262.500000	-61.483400
30275.000000	-61.359446
30287.500000	-61.395070
30300.000000	-61.198703
30312.500000	-61.185890
30325.000000	-61.038914
30337.500000	-61.133120
30350.000000	-62.090684
30362.500000	-61.980210
30375.000000	-61.047853
30387.500000	-61.283287
30400.000000	-61.995104
30412.500000	-62.998130
30425.000000	-63.164554
30437.500000	-61.840324
30450.000000	-61.961019
30462.500000	-64.721631
30475.000000	-65.237295
30487.500000	-62.477759
30500.000000	-62.294547
30512.500000	-63.317942
30525.000000	-62.257115
30537.500000	-60.940097
30550.000000	-60.647092
30562.500000	-60.019987
30575.000000	-59.551811
30587.500000	-59.995742
30600.000000	-59.467564
30612.500000	-57.586302
30625.000000	-56.977302
30637.500000	-58.266057
30650.000000	-60.227349
30662.500000	-61.671393
30675.000000	-62.914953
30687.500000	-63.658135
30700.000000	-64.081846
30712.500000	-64.295809
30725.000000	-63.067972
30737.500000	-60.887665
30750.000000	-59.666750
30762.500000	-59.363691
30775.000000	-59.436994
30787.500000	-59.363580
30800.000000	-59.543952
30812.500000	-60.977976
30825.000000	-64.276684
30837.500000	-65.435031
30850.000000	-62.271838
30862.500000	-60.548151
30875.000000	-60.080753
30887.500000	-60.677339
30900.000000	-61.473370
30912.500000	-61.011521
30925.000000	-60.285566
30937.500000	-59.942140
30950.000000	-59.934487
30962.500000	-60.879122
30975.000000	-62.646290
30987.500000	-62.708370
31000.000000	-61.562202
31012.500000	-61.601145
31025.000000	-62.339552
31037.500000	-62.599175
31050.000000	-63.478230
31062.500000	-64.750628
31075.000000	-64.903158
31087.500000	-64.391077
31100.000000	-63.657868
31112.500000	-62.486576
31125.000000	-61.587607
31137.500000	-61.529560
31150.000000	-61.675902
31162.500000	-61.628606
31175.000000	-61.640024
31187.500000	-61.989575
31200.000000	-62.520849
31212.500000	-62.538813
31225.000000	-61.637596
31237.500000	-60.148246
31250.000000	-58.999257
31262.500000	-58.799857
31275.000000	-59.697296
31287.500000	-61.134631
31300.000000	-62.202368
31312.500000	-63.145913
31325.000000	-63.503459
31337.500000	-62.041436
31350.000000	-60.283043
31362.500000	-59.951383
31375.000000	-61.003166
31387.500000	-62.524361
31400.000000	-63.858853
31412.500000	-65.720870
31425.000000	-66.309853
31437.500000	-64.743270
31450.000000	-63.286933
31462.500000	-61.584847
31475.000000	-60.244170
31487.500000	-60.039963
31500.000000	-60.812466
31512.500000	-62.971427
31525.000000	-65.382387
31537.500000	-63.558020
31550.000000	-61.434413
31562.500000	-60.369893
31575.000000	-59.366564
31587.500000	-58.840329
31600.000000	-59.420149
31612.500000	-60.197010
31625.000000	-59.693349
31637.500000	-58.603725
31650.000000	-58.454306
31662.500000	-59.727280
31675.000000	-60.286006
31687.500000	-59.348917
31700.000000	-59.237995
31712.500000	-60.763191
31725.000000	-62.932826
31737.500000	-62.065550
31750.000000	-61.488520
31762.500000	-63.271583
31775.000000	-64.320902
31787.500000	-62.599741
31800.000000	-61.783456
31812.500000	-62.540508
31825.000000	-62.689868
31837.500000	-60.477648
31850.000000	-59.345385
31862.500000	-59.976815
31875.000000	-61.033044
31887.500000	-61.999475
31900.000000	-63.121116
31912.500000	-62.778325
31925.000000	-61.435581
31937.500000	-60.854155
31950.000000	-61.007330
31962.500000	-60.546243
31975.000000	-59.997757
31987.500000	-60.381444
32000.000000	-60.799901
32012.500000	-60.481563
32025.000000	-60.334628
32037.500000	-61.153785
32050.000000	-62.349507
32062.500000	-63.471593
32075.000000	-62.883083
32087.500000	-61.211925
32100.000000	-60.985493
32112.500000	-61.956655
32125.000000	-62.169779
32137.500000	-60.753325
32150.000000	-59.724439
32162.500000	-60.406935
32175.000000	-62.853643
32187.500000	-63.895745
32200.000000	-63.168904
32212.500000	-63.306180
32225.000000	-64.454114
32237.500000	-64.439277
32250.000000	-63.613919
32262.500000	-63.908933
32275.000000	-62.812599
32287.500000	-61.822967
32300.000000	-61.989469
32312.500000	-61.972452
32325.000000	-62.564290
32337.500000	-64.098754
32350.000000	-64.512178
32362.500000	-64.221380
32375.000000	-63.119844
32387.500000	-61.478048
32400.000000	-61.312227
32412.500000	-61.779981
32425.000000	-61.092469
32437.500000	-60.775153
32450.000000	-61.697665
32462.500000	-62.973838
32475.000000	-63.373907
32487.500000	-62.163666
32500.000000	-60.743330
32512.500000	-60.470418
32525.000000	-60.773361
32537.500000	-61.533453
32550.000000	-62.754302
32562.500000	-62.795970
32575.000000	-61.835447
32587.500000	-61.219142
32600.000000	-61.153680
32612.500000	-62.147566
32625.000000	-63.559524
32637.500000	-63.140836
32650.000000	-62.752549
32662.500000	-63.847410
32675.000000	-64.143201
32687.500000	-62.899140
32700.000000	-61.639060
32712.500000	-61.345745
32725.000000	-62.573217
32737.500000	-63.301199
32750.000000	-61.897914
32762.500000	-60.808184
32775.000000	-60.910256
32787.500000	-62.212394
32800.000000	-63.393857
32812.500000	-62.646125
32825.000000	-61.517077
32837.500000	-60.758323
32850.000000	-60.309287
32862.500000	-60.963656
32875.000000	-61.612723
32887.500000	-61.357037
32900.000000	-61.655950
32912.500000	-61.748620
32925.000000	-60.794526
32937.500000	-60.484854
32950.000000	-61.274211
32962.500000	-62.229616
32975.000000	-62.653662
32987.500000	-63.813972
33000.000000	-64.540209
33012.500000	-62.945492
33025.000000	-61.589578
33037.500000	-61.750281
33050.000000	-63.188156
33062.500000	-63.771872
33075.000000	-63.274735
33087.500000	-63.244896
33100.000000	-62.202894
33112.500000	-61.892921
33125.000000	-62.338215
33137.500000	-61.750500
33150.000000	-60.910386
33162.500000	-61.341063
33175.000000	-62.189684
33187.500000	-61.911259
33200.000000	-61.754382
33212.500000	-61.417432
33225.000000	-60.969105
33237.500000	-60.159293
33250.000000	-59.626536
33262.500000	-59.913493
33275.000000	-60.791099
33287.500000	-61.854455
33300.000000	-62.372159
33312.500000	-62.979433
33325.000000	-63.223176
33337.500000	-63.879694
33350.000000	-64.217232
33362.500000	-62.692599
33375.000000	-61.853059
33387.500000	-61.365431
33400.000000	-60.435624
33412.500000	-60.368464
33425.000000	-61.890287
33437.500000	-63.660664
33450.000000	-62.754905
33462.500000	-60.689326
33475.000000	-59.819735
33487.500000	-60.934892
33500.000000	-63.523104
33512.500000	-63.562731
33525.000000	-61.916315
33537.500000	-60.824406
33550.000000	-60.304414
33562.500000	-60.263844
33575.000000	-60.546186
33587.500000	-61.628574
33600.000000	-63.271653
33612.500000	-64.242308
33625.000000	-65.408905
33637.500000	-65.753378
33650.000000	-64.506400
33662.500000	-62.154122
33675.000000	-60.934022
33687.500000	-61.967784
33700.000000	-63.574956
33712.500000	-63.249405
33725.000000	-62.364729
33737.500000	-61.751763
33750.000000	-61.873186
33762.500000	-62.014002
33775.000000	-61.928230
33787.500000	-62.195292
33800.000000	-62.148452
33812.500000	-61.229949
33825.000000	-60.275353
33837.500000	-60.451124
33850.000000	-61.603487
33862.500000	-61.991745
33875.000000	-61.592146
33887.500000	-62.020430
33900.000000	-62.917798
33912.500000	-61.828821
33925.000000	-59.776151
33937.500000	-58.768670
33950.000000	-58.968617
33962.500000	-59.865611
33975.000000	-60.489045
33987.500000	-61.179334
34000.000000	-61.613132
34012.500000	-61.769527
34025.000000	-63.551846
34037.500000	-65.631335
34050.000000	-64.716080
34062.500000	-63.350971
34075.000000	-62.030485
34087.500000	-60.575288
34100.000000	-60.019373
34112.500000	-60.659709
34125.000000	-62.008707
34137.500000	-62.195768
34150.000000	-60.708326
34162.500000	-59.626932
34175.000000	-59.805182
34187.500000	-60.448241
34200.000000	-61.040296
34212.500000	-62.497283
34225.000000	-63.726372
34237.500000	-63.663107
34250.000000	-63.891833
34262.500000	-63.467719
34275.000000	-62.809398
34287.500000	-62.653110
34300.000000	-62.036677
34312.500000	-61.670253
34325.000000	-62.334971
34337.500000	-63.013581
34350.000000	-63.836451
34362.500000	-64.536362
34375.000000	-62.641983
34387.500000	-61.143256
34400.000000	-60.885414
34412.500000	-60.618818
34425.000000	-60.817672
34437.500000	-62.045713
34450.000000	-62.493887
34462.500000	-61.659228
34475.000000	-61.168991
34487.500000	-61.374238
34500.000000	-62.052655
34512.500000	-62.045537
34525.000000	-61.242127
34537.500000	-59.748323
34550.000000	-59.282179
34562.500000	-60.788444
34575.000000	-62.813006
34587.500000	-62.948477
34600.000000	-62.685238
34612.500000	-62.342362
34625.000000	-61.484156
34637.500000	-60.086435
34650.000000	-58.755641
34662.500000	-58.255637
34675.000000	-58.791796
34687.500000	-60.048789
34700.000000	-61.302919
34712.500000	-61.488697
34725.000000	-60.582473
34737.500000	-60.163289
34750.000000	-60.191105
34762.500000	-60.161217
34775.000000	-59.902879
34787.500000	-59.915490
34800.000000	-60.896287
34812.500000	-62.665598
34825.000000	-63.725261
34837.500000	-62.814077
34850.000000	-61.576095
34862.500000	-61.381906
34875.000000	-62.251046
34887.500000	-63.539851
34900.000000	-63.823842
34912.500000	-63.620779
34925.000000	-63.492761
34937.500000	-62.571285
34950.000000	-61.879112
34962.500000	-62.302098
34975.000000	-63.088923
34987.500000	-62.221945
35000.000000	-61.343473
35012.500000	-60.884079
35025.000000	-60.439744
35037.500000	-61.491671
35050.000000	-64.136613
35062.500000	-62.616443
35075.000000	-59.951856
35087.500000	-59.657812
35100.000000	-61.081768
35112.500000	-62.351879
35125.000000	-61.944376
35137.500000	-61.782648
35150.000000	-62.281746
35162.500000	-63.126747
35175.000000	-64.771225
35187.500000	-65.055711
35200.000000	-63.372040
35212.500000	-61.454660
35225.000000	-59.921475
35237.500000	-59.342246
35250.000000	-59.786624
35262.500000	-60.630976
35275.000000	-61.217236
35287.500000	-61.657127
35300.000000	-62.112406
35312.500000	-62.392998
35325.000000	-62.146691
35337.500000	-61.832077
35350.000000	-61.632675
35362.500000	-61.896431
35375.000000	-62.778382
35387.500000	-62.740978
35400.000000	-62.150448
35412.500000	-61.606616
35425.000000	-61.468785
35437.500000	-61.865795
35450.000000	-60.627470
35462.500000	-59.129738
35475.000000	-58.896520
35487.500000	-59.851481
35500.000000	-60.628003
35512.500000	-60.201922
35525.000000	-60.255384
35537.500000	-61.350817
35550.000000	-62.454725
35562.500000	-62.692014
35575.000000	-62.224960
35587.500000	-61.638924
35600.000000	-61.726386
35612.500000	-61.791699
35625.000000	-61.661432
35637.500000	-62.558164
35650.000000	-64.971044
35662.500000	-65.595753
35675.000000	-62.772057
35687.500000	-61.265617
35700.000000	-61.616513
35712.500000	-62.533324
35725.000000	-61.726494
35737.500000	-60.980550
35750.000000	-62.333783
35762.500000	-63.848359
35775.000000	-62.463639
35787.500000	-60.819212
35800.000000	-59.694224
35812.500000	-59.451104
35825.000000	-60.238719
35837.500000	-61.588665
35850.000000	-62.922806
35862.500000	-62.496530
35875.000000	-62.949290
35887.500000	-64.377380
35900.000000	-61.921441
35912.500000	-60.095738
35925.000000	-60.595424
35937.500000	-62.465838
35950.000000	-62.851192
35962.500000	-61.245169
35975.000000	-60.334482
35987.500000	-61.406797
36000.000000	-62.782321
36012.500000	-61.910306
36025.000000	-61.294772
36037.500000	-61.657938
36050.000000	-61.092648
36062.500000	-60.330965
36075.000000	-61.166076
36087.500000	-63.108031
36100.000000	-64.243211
36112.500000	-64.403618
36125.000000	-63.299854
36137.500000	-61.927101
36150.000000	-61.146335
36162.500000	-60.820248
36175.000000	-61.014345
36187.500000	-61.684988
36200.000000	-62.073569
36212.500000	-61.885636
36225.000000	-62.401138
36237.500000	-63.916196
36250.000000	-64.314064
36262.500000	-63.564619
36275.000000	-62.992486
36287.500000	-62.102514
36300.000000	-61.181068
36312.500000	-60.412567
36325.000000	-60.263132
36337.500000	-61.571912
36350.000000	-63.956978
36362.500000	-64.072740
36375.000000	-62.154901
36387.500000	-59.869586
36400.000000	-58.395468
36412.500000	-58.831206
36425.000000	-60.390182
36437.500000	-60.819436
36450.000000	-59.933435
36462.500000	-59.436565
36475.000000	-60.262055
36487.500000	-61.501589
36500.000000	-62.093464
36512.500000	-62.318780
36525.000000	-61.591922
36537.500000	-61.168130
36550.000000	-61.101318
36562.500000	-59.862990
36575.000000	-59.177387
36587.500000	-60.350611
36600.000000	-62.351126
36612.500000	-62.761508
36625.000000	-62.531195
36637.500000	-63.016012
36650.000000	-62.844690
36662.500000	-62.452935
36675.000000	-61.633553
36687.500000	-59.030764
36700.000000	-56.738566
36712.500000	-56.001921
36725.000000	-56.491846
36737.500000	-57.362266
36750.000000	-58.530045
36762.500000	-60.261465
36775.000000	-61.319854
36787.500000	-60.702210
36800.000000	-60.448843
36812.500000	-60.615610
36825.000000	-60.674453
36837.500000	-61.561984
36850.000000	-62.961008
36862.500000	-63.151351
36875.000000	-61.761616
36887.500000	-60.349095
36900.000000	-60.492229
36912.500000	-61.706329
36925.000000	-61.440790
36937.500000	-60.684747
36950.000000	-60.751111
36962.500000	-60.412257
36975.000000	-59.999932
36987.500000	-59.938022
37000.000000	-59.511023
37012.500000	-59.085990
37025.000000	-58.565464
37037.500000	-58.168642
37050.000000	-59.043944
37062.500000	-61.142157
37075.000000	-62.421589
37087.500000	-62.247542
37100.000000	-62.661208
37112.500000	-62.445857
37125.000000	-61.061100
37137.500000	-60.471111
37150.000000	-60.666733
37162.500000	-60.299432
37175.000000	-59.818674
37187.500000	-60.462960
37200.000000	-61.825822
37212.500000	-62.557741
37225.000000	-62.214855
37237.500000	-61.507303
37250.000000	-61.043154
37262.500000	-60.942560
37275.000000	-61.257196
37287.500000	-60.977978
37300.000000	-60.561680
37312.500000	-61.500884
37325.000000	-64.131732
37337.500000	-64.987719
37350.000000	-61.820160
37362.500000	-60.260542
37375.000000	-60.928855
37387.500000	-61.692763
37400.000000	-60.824378
37412.500000	-59.830265
37425.000000	-59.689451
37437.500000	-60.847517
37450.000000	-62.698133
37462.500000	-63.412513
37475.000000	-62.500786
37487.500000	-61.775230
37500.000000	-61.065914
37512.500000	-59.938856
37525.000000	-59.981035
37537.500000	-60.951260
37550.000000	-60.452323
37562.500000	-59.168520
37575.000000	-59.062103
37587.500000	-59.723860
37600.000000	-60.397746
37612.500000	-60.133493
37625.000000	-59.430199
37637.500000	-59.790855
37650.000000	-61.541154
37662.500000	-63.132542
37675.000000	-63.265176
37687.500000	-62.665920
37700.000000	-61.693987
37712.500000	-61.440331
37725.000000	-62.696860
37737.500000	-63.970177
37750.000000	-63.525212
37762.500000	-62.836764
37775.000000	-62.337841
37787.500000	-61.793382
37800.000000	-61.725914
37812.500000	-61.727949
37825.000000	-62.143412
37837.500000	-63.884680
37850.000000	-64.073934
37862.500000	-61.652884
37875.000000	-60.784817
37887.500000	-61.940405
37900.000000	-63.388892
37912.500000	-62.847817
37925.000000	-62.240856
37937.500000	-62.723846
37950.000000	-63.004621
37962.500000	-62.994721
37975.000000	-62.987964
37987.500000	-61.906518
38000.000000	-60.534810
38012.500000	-60.669867
38025.000000	-62.527044
38037.500000	-62.603567
38050.000000	-61.142454
38062.500000	-61.944964
38075.000000	-64.105901
38087.500000	-64.077922
38100.000000	-63.650988
38112.500000	-62.372961
38125.000000	-60.565170
38137.500000	-59.802430
38150.000000	-59.989562
38162.500000	-60.372030
38175.000000	-60.800854
38187.500000	-61.104983
38200.000000	-61.374983
38212.500000	-62.528236
38225.000000	-63.118911
38237.500000	-61.945934
38250.000000	-60.996892
38262.500000	-61.263768
38275.000000	-62.676349
38287.500000	-64.129562
38300.000000	-63.656885
38312.500000	-61.772334
38325.000000	-60.350244
38337.500000	-60.043969
38350.000000	-60.906699
38362.500000	-62.412886
38375.000000	-62.837151
38387.500000	-61.648115
38400.000000	-61.119014
38412.500000	-61.632502
38425.000000	-61.844925
38437.500000	-61.060727
38450.000000	-60.494419
38462.500000	-60.962262
38475.000000	-61.290044
38487.500000	-60.296549
38500.000000	-59.636220
38512.500000	-59.802186
38525.000000	-61.108930
38537.500000	-63.056651
38550.000000	-63.350807
38562.500000	-63.170277
38575.000000	-63.090543
38587.500000	-61.661605
38600.000000	-59.332465
38612.500000	-58.606574
38625.000000	-60.698503
38637.500000	-64.125304
38650.000000	-64.482355
38662.500000	-64.487261
38675.000000	-64.646841
38687.500000	-63.438649
38700.000000	-62.639993
38712.500000	-62.369448
38725.000000	-62.191423
38737.500000	-62.622805
38750.000000	-64.263495
38762.500000	-64.630794
38775.000000	-62.198573
38787.500000	-61.390055
38800.000000	-62.843887
38812.500000	-64.721734
38825.000000	-63.679701
38837.500000	-61.907912
38850.000000	-60.903444
38862.500000	-61.411784
38875.000000	-63.252778
38887.500000	-64.121563
38900.000000	-63.267829
38912.500000	-63.410434
38925.000000	-64.336166
38937.500000	-62.275172
38950.000000	-61.009076
38962.500000	-62.142900
38975.000000	-63.846400
38987.500000	-64.174463
39000.000000	-62.792370
39012.500000	-60.978461
39025.000000	-60.009691
39037.500000	-59.653976
39050.000000	-59.001377
39062.500000	-58.627099
39075.000000	-59.530532
39087.500000	-61.842361
39100.000000	-64.303227
39112.500000	-65.350653
39125.000000	-64.898227
39137.500000	-64.303296
39150.000000	-64.338303
39162.500000	-64.259514
39175.000000	-63.243241
39187.500000	-61.980972
39200.000000	-60.782693
39212.500000	-60.210458
39225.000000	-60.928238
39237.500000	-63.236106
39250.000000	-64.143040
39262.500000	-62.672577
39275.000000	-61.881432
39287.500000	-60.989952
39300.000000	-60.221748
39312.500000	-59.358619
39325.000000	-58.497481
39337.500000	-59.120134
39350.000000	-61.103938
39362.500000	-62.735429
39375.000000	-62.910007
39387.500000	-61.597982
39400.000000	-60.448973
39412.500000	-60.169357
39425.000000	-59.669056
39437.500000	-58.758231
39450.000000	-58.634837
39462.500000	-59.302376
39475.000000	-60.159752
39487.500000	-61.112683
39500.000000	-62.226292
39512.500000	-63.613550
39525.000000	-64.006414
39537.500000	-63.541956
39550.000000	-62.803869
39562.500000	-62.233640
39575.000000	-62.033375
39587.500000	-61.941273
39600.000000	-62.069716
39612.500000	-62.073627
39625.000000	-61.403119
39637.500000	-60.414375
39650.000000	-59.253344
39662.500000	-59.141694
39675.000000	-60.367000
39687.500000	-61.880128
39700.000000	-62.933463
39712.500000	-64.481364
39725.000000	-66.096120
39737.500000	-65.211242
39750.000000	-64.192865
39762.500000	-63.086692
39775.000000	-61.327489
39787.500000	-59.936102
39800.000000	-59.024471
39812.500000	-59.117277
39825.000000	-60.729447
39837.500000	-62.792036
39850.000000	-63.330543
39862.500000	-63.102550
39875.000000	-62.954176
39887.500000	-62.661085
39900.000000	-62.650043
39912.500000	-62.702083
39925.000000	-62.993477
39937.500000	-62.436139
39950.000000	-61.001713
39962.500000	-56.777114
39975.000000	-49.278602
39987.500000	-43.850278
