Frequency	dBVrms
0.000000	0.324869
12.500000	1.389606
25.000000	-4.572000
37.500000	-14.974560
50.000000	-30.792152
62.500000	-53.342686
75.000000	-57.723161
87.500000	-59.089213
100.000000	-59.020604
112.500000	-59.207072
125.000000	-60.429105
137.500000	-61.099842
150.000000	-61.255938
162.500000	-61.682457
175.000000	-61.418958
187.500000	-60.472373
200.000000	-59.501091
212.500000	-58.820849
225.000000	-58.682350
237.500000	-59.616700
250.000000	-60.662512
262.500000	-60.374276
275.000000	-59.899680
287.500000	-59.436805
300.000000	-58.418137
312.500000	-57.570769
325.000000	-57.573159
337.500000	-58.539861
350.000000	-60.218493
362.500000	-61.648503
375.000000	-61.653663
387.500000	-60.406868
400.000000	-59.489845
412.500000	-59.687727
425.000000	-60.667935
437.500000	-61.304434
450.000000	-60.733677
462.500000	-60.340226
475.000000	-60.450074
487.500000	-60.615333
500.000000	-61.136973
512.500000	-61.293321
525.000000	-61.182760
537.500000	-61.725948
550.000000	-62.560501
562.500000	-63.112417
575.000000	-62.779975
587.500000	-61.834716
600.000000	-61.033596
612.500000	-60.032529
625.000000	-59.221056
637.500000	-59.146142
650.000000	-59.786101
662.500000	-60.871967
675.000000	-61.243316
687.500000	-60.170110
700.000000	-59.143665
712.500000	-59.216128
725.000000	-60.318494
737.500000	-61.166528
750.000000	-60.712523
762.500000	-60.233939
775.000000	-60.077183
787.500000	-60.390742
800.000000	-60.999280
812.500000	-60.384300
825.000000	-59.443540
837.500000	-59.562688
850.000000	-60.791331
862.500000	-62.453121
875.000000	-63.577196
887.500000	-63.075274
900.000000	-62.120175
912.500000	-62.212333
925.000000	-62.538373
937.500000	-55.338048
950.000000	-35.112436
962.500000	-19.462143
975.000000	-9.030675
987.500000	-3.029532
1000.000000	-1.046724
1012.500000	-2.954699
1025.000000	-8.872173
1037.500000	-19.206249
1050.000000	-34.795174
1062.500000	-53.793215
1075.000000	-58.907749
1087.500000	-61.216394
1100.000000	-61.976416
1112.500000	-62.088333
1125.000000	-61.595992
1137.500000	-61.010471
1150.000000	-60.910854
1162.500000	-61.133398
1175.000000	-61.287240
1187.500000	-60.934214
1200.000000	-60.519925
1212.500000	-60.815691
1225.000000	-61.018936
1237.500000	-60.685863
1250.000000	-60.385546
1262.500000	-60.760200
1275.000000	-61.793997
1287.500000	-62.242116
1300.000000	-62.029688
1312.500000	-62.258168
1325.000000	-62.961850
1337.500000	-63.008540
1350.000000	-62.244383
1362.500000	-61.530152
1375.000000	-61.477248
1387.500000	-61.669210
1400.000000	-61.506128
1412.500000	-60.955584
1425.000000	-60.525240
1437.500000	-60.367400
1450.000000	-60.245424
1462.500000	-60.388434
1475.000000	-61.034504
1487.500000	-61.678463
1500.000000	-62.284771
1512.500000	-62.703919
1525.000000	-62.026363
1537.500000	-61.272881
1550.000000	-60.978633
1562.500000	-61.254186
1575.000000	-62.142413
1587.500000	-62.382985
1600.000000	-62.109660
1612.500000	-62.739415
1625.000000	-62.643457
1637.500000	-61.146426
1650.000000	-60.531907
1662.500000	-60.881087
1675.000000	-61.138449
1687.500000	-61.093397
1700.000000	-60.675499
1712.500000	-60.388821
1725.000000	-60.952004
1737.500000	-61.631195
1750.000000	-61.496985
1762.500000	-61.091708
1775.000000	-61.430836
1787.500000	-62.363306
1800.000000	-62.919023
1812.500000	-63.054107
1825.000000	-62.410214
1837.500000	-61.021547
1850.000000	-60.432326
1862.500000	-61.279827
1875.000000	-61.421623
1887.500000	-59.979321
1900.000000	-58.704073
1912.500000	-57.421557
1925.000000	-55.779011
1937.500000	-54.460777
1950.000000	-53.644598
1962.500000	-52.799119
1975.000000	-51.896728
1987.500000	-51.373769
2000.000000	-51.459025
2012.500000	-52.117540
2025.000000	-52.822290
2037.500000	-53.420178
2050.000000	-54.443606
2062.500000	-55.467743
2075.000000	-55.395528
2087.500000	-55.630226
2100.000000	-57.936832
2112.500000	-61.617327
2125.000000	-63.017192
2137.500000	-62.516959
2150.000000	-61.581132
2162.500000	-60.192451
2175.000000	-59.634000
2187.500000	-59.988047
2200.000000	-60.387654
2212.500000	-60.893967
2225.000000	-61.690230
2237.500000	-62.279108
2250.000000	-62.617197
2262.500000	-62.230340
2275.000000	-61.120697
2287.500000	-60.427021
2300.000000	-60.585162
2312.500000	-61.099458
2325.000000	-61.807374
2337.500000	-62.147709
2350.000000	-61.393328
2362.500000	-61.079110
2375.000000	-62.458013
2387.500000	-64.465547
2400.000000	-63.405997
2412.500000	-62.190418
2425.000000	-62.096823
2437.500000	-61.797616
2450.000000	-61.594591
2462.500000	-61.639054
2475.000000	-60.892626
2487.500000	-60.335227
2500.000000	-61.268826
2512.500000	-62.864763
2525.000000	-63.335096
2537.500000	-62.363084
2550.000000	-61.206734
2562.500000	-60.693202
2575.000000	-60.336587
2587.500000	-60.162556
2600.000000	-60.407681
2612.500000	-60.630391
2625.000000	-60.847020
2637.500000	-60.620125
2650.000000	-60.180284
2662.500000	-60.394817
2675.000000	-60.994644
2687.500000	-61.297921
2700.000000	-61.740699
2712.500000	-62.952907
2725.000000	-63.720200
2737.500000	-62.302548
2750.000000	-61.016994
2762.500000	-60.917956
2775.000000	-60.666756
2787.500000	-60.601397
2800.000000	-61.346027
2812.500000	-62.081803
2825.000000	-63.022503
2837.500000	-63.510463
2850.000000	-62.099485
2862.500000	-60.447352
2875.000000	-59.380819
2887.500000	-59.323864
2900.000000	-60.268735
2912.500000	-61.373695
2925.000000	-61.316984
2937.500000	-57.661168
2950.000000	-44.348383
2962.500000	-29.222124
2975.000000	-18.731911
2987.500000	-12.651279
3000.000000	-10.592264
3012.500000	-12.417557
3025.000000	-18.223488
3037.500000	-28.341344
3050.000000	-43.097745
3062.500000	-58.001588
3075.000000	-62.707463
3087.500000	-62.488138
3100.000000	-61.751623
3112.500000	-61.495829
3125.000000	-61.207595
3137.500000	-60.536585
3150.000000	-60.039432
3162.500000	-59.486791
3175.000000	-58.898210
3187.500000	-58.865443
3200.000000	-59.556748
3212.500000	-60.993436
3225.000000	-62.660611
3237.500000	-63.809621
3250.000000	-64.110992
3262.500000	-62.459275
3275.000000	-61.173989
3287.500000	-61.743504
3300.000000	-63.061223
3312.500000	-62.569757
3325.000000	-62.031631
3337.500000	-63.317368
3350.000000	-64.890377
3362.500000	-64.201925
3375.000000	-64.003586
3387.500000	-64.569204
3400.000000	-64.241718
3412.500000	-63.596836
3425.000000	-62.831619
3437.500000	-61.385557
3450.000000	-59.655126
3462.500000	-58.848306
3475.000000	-59.279420
3487.500000	-60.281896
3500.000000	-61.204615
3512.500000	-61.459537
3525.000000	-60.892563
3537.500000	-60.933968
3550.000000	-62.047701
3562.500000	-62.276959
3575.000000	-62.059746
3587.500000	-63.141486
3600.000000	-63.655553
3612.500000	-62.935592
3625.000000	-61.949956
3637.500000	-61.403868
3650.000000	-61.488048
3662.500000	-61.644844
3675.000000	-61.358874
3687.500000	-60.456787
3700.000000	-60.185179
3712.500000	-60.579256
3725.000000	-60.472954
3737.500000	-60.323619
3750.000000	-60.750061
3762.500000	-61.402168
3775.000000	-61.394286
3787.500000	-61.783110
3800.000000	-63.017538
3812.500000	-63.011436
3825.000000	-61.891911
3837.500000	-61.182374
3850.000000	-61.127471
3862.500000	-61.129313
3875.000000	-60.651320
3887.500000	-59.211075
3900.000000	-57.470465
3912.500000	-56.505951
3925.000000	-56.013965
3937.500000	-55.418973
3950.000000	-54.341862
3962.500000	-52.993954
3975.000000	-51.845942
3987.500000	-51.285188
4000.000000	-51.618316
4012.500000	-52.334651
4025.000000	-52.507619
4037.500000	-52.728361
4050.000000	-53.809073
4062.500000	-55.678820
4075.000000	-57.619680
4087.500000	-58.782290
4100.000000	-59.206321
4112.500000	-59.371448
4125.000000	-59.616408
4137.500000	-59.968573
4150.000000	-60.180663
4162.500000	-60.456598
4175.000000	-61.277117
4187.500000	-61.885463
4200.000000	-61.186327
4212.500000	-60.257208
4225.000000	-59.731536
4237.500000	-59.199960
4250.000000	-59.090759
4262.500000	-59.991172
4275.000000	-61.515968
4287.500000	-62.857139
4300.000000	-63.535273
4312.500000	-63.299667
4325.000000	-62.606227
4337.500000	-62.755610
4350.000000	-62.692468
4362.500000	-61.781071
4375.000000	-61.185547
4387.500000	-61.421563
4400.000000	-61.840219
4412.500000	-61.314336
4425.000000	-60.979216
4437.500000	-61.618859
4450.000000	-62.801653
4462.500000	-63.289068
4475.000000	-63.012588
4487.500000	-63.245142
4500.000000	-62.982630
4512.500000	-62.328301
4525.000000	-62.515807
4537.500000	-62.835830
4550.000000	-62.810614
4562.500000	-62.220992
4575.000000	-61.221369
4587.500000	-60.371562
4600.000000	-59.440344
4612.500000	-58.874987
4625.000000	-58.901247
4637.500000	-59.262527
4650.000000	-59.769071
4662.500000	-59.962256
4675.000000	-60.292366
4687.500000	-60.857738
4700.000000	-60.549896
4712.500000	-60.538975
4725.000000	-61.354404
4737.500000	-62.138267
4750.000000	-62.754704
4762.500000	-62.545805
4775.000000	-61.072517
4787.500000	-60.226439
4800.000000	-61.380479
4812.500000	-63.454200
4825.000000	-63.030876
4837.500000	-61.587657
4850.000000	-60.947775
4862.500000	-60.960844
4875.000000	-61.177771
4887.500000	-61.266034
4900.000000	-61.518437
4912.500000	-61.717423
4925.000000	-59.897073
4937.500000	-55.651381
4950.000000	-47.382065
4962.500000	-33.760767
4975.000000	-23.302692
4987.500000	-17.159339
5000.000000	-15.030783
5012.500000	-16.780045
5025.000000	-22.493573
5037.500000	-32.479613
5050.000000	-46.851393
5062.500000	-59.116100
5075.000000	-62.876039
5087.500000	-62.596907
5100.000000	-61.963953
5112.500000	-61.803978
5125.000000	-62.107543
5137.500000	-62.806998
5150.000000	-61.873252
5162.500000	-59.703999
5175.000000	-58.367326
5187.500000	-57.940890
5200.000000	-57.957800
5212.500000	-57.823363
5225.000000	-57.866314
5237.500000	-58.705283
5250.000000	-59.732375
5262.500000	-60.484352
5275.000000	-61.460361
5287.500000	-62.751796
5300.000000	-63.181549
5312.500000	-61.257562
5325.000000	-59.304875
5337.500000	-58.419670
5350.000000	-58.322564
5362.500000	-58.848909
5375.000000	-59.879759
5387.500000	-59.912347
5400.000000	-59.476472
5412.500000	-60.657683
5425.000000	-62.896195
5437.500000	-63.097483
5450.000000	-61.991244
5462.500000	-61.367659
5475.000000	-61.110074
5487.500000	-61.052827
5500.000000	-61.212342
5512.500000	-61.188613
5525.000000	-61.228423
5537.500000	-61.688796
5550.000000	-62.321076
5562.500000	-63.786710
5575.000000	-65.640532
5587.500000	-64.245307
5600.000000	-62.794866
5612.500000	-63.278937
5625.000000	-63.796331
5637.500000	-61.275306
5650.000000	-59.495971
5662.500000	-60.121070
5675.000000	-62.563847
5687.500000	-63.198918
5700.000000	-61.600787
5712.500000	-60.818436
5725.000000	-60.949959
5737.500000	-61.177697
5750.000000	-61.152246
5762.500000	-61.448420
5775.000000	-62.486821
5787.500000	-62.852840
5800.000000	-62.247711
5812.500000	-61.694649
5825.000000	-60.907613
5837.500000	-60.392691
5850.000000	-60.501900
5862.500000	-61.127010
5875.000000	-61.452698
5887.500000	-60.679779
5900.000000	-59.563616
5912.500000	-58.301421
5925.000000	-57.018144
5937.500000	-55.865269
5950.000000	-54.577753
5962.500000	-52.743850
5975.000000	-50.855068
5987.500000	-49.915262
6000.000000	-50.170488
6012.500000	-51.073592
6025.000000	-52.134763
6037.500000	-53.250243
6050.000000	-54.273122
6062.500000	-55.253494
6075.000000	-56.685519
6087.500000	-58.640243
6100.000000	-60.084446
6112.500000	-60.776810
6125.000000	-61.227427
6137.500000	-61.041984
6150.000000	-60.816569
6162.500000	-60.762028
6175.000000	-60.717565
6187.500000	-60.714194
6200.000000	-60.534843
6212.500000	-60.745543
6225.000000	-61.773416
6237.500000	-63.238904
6250.000000	-63.939289
6262.500000	-63.108406
6275.000000	-61.560391
6287.500000	-60.768407
6300.000000	-61.389848
6312.500000	-62.326325
6325.000000	-62.826070
6337.500000	-62.828959
6350.000000	-62.383123
6362.500000	-62.164714
6375.000000	-62.247504
6387.500000	-62.274203
6400.000000	-61.243398
6412.500000	-60.134942
6425.000000	-60.359056
6437.500000	-61.282422
6450.000000	-61.748586
6462.500000	-61.450961
6475.000000	-61.258596
6487.500000	-61.912747
6500.000000	-62.238244
6512.500000	-62.557285
6525.000000	-63.544940
6537.500000	-63.753809
6550.000000	-62.453671
6562.500000	-61.149324
6575.000000	-61.854269
6587.500000	-64.391440
6600.000000	-64.987086
6612.500000	-62.215759
6625.000000	-60.360566
6637.500000	-59.973957
6650.000000	-60.707571
6662.500000	-62.052352
6675.000000	-63.251541
6687.500000	-64.103896
6700.000000	-63.446150
6712.500000	-61.702264
6725.000000	-60.988900
6737.500000	-61.565573
6750.000000	-62.239341
6762.500000	-61.902203
6775.000000	-61.463670
6787.500000	-61.708427
6800.000000	-61.433526
6812.500000	-60.409316
6825.000000	-60.198384
6837.500000	-60.067651
6850.000000	-59.686204
6862.500000	-60.005433
6875.000000	-60.210033
6887.500000	-60.008957
6900.000000	-60.357172
6912.500000	-61.005931
6925.000000	-60.033661
6937.500000	-56.783923
6950.000000	-49.429436
6962.500000	-36.676381
6975.000000	-26.334791
6987.500000	-20.154051
7000.000000	-17.960779
7012.500000	-19.629510
7025.000000	-25.226801
7037.500000	-34.990091
7050.000000	-48.598301
7062.500000	-58.396445
7075.000000	-61.583331
7087.500000	-61.538527
7100.000000	-61.250086
7112.500000	-61.984515
7125.000000	-62.513291
7137.500000	-62.905014
7150.000000	-63.455999
7162.500000	-63.319328
7175.000000	-62.039593
7187.500000	-59.974286
7200.000000	-58.953500
7212.500000	-59.303974
7225.000000	-60.482095
7237.500000	-62.028510
7250.000000	-62.587739
7262.500000	-61.848793
7275.000000	-60.881304
7287.500000	-60.784353
7300.000000	-62.182539
7312.500000	-63.833279
7325.000000	-63.725944
7337.500000	-62.435528
7350.000000	-61.057838
7362.500000	-60.767386
7375.000000	-61.093697
7387.500000	-61.121371
7400.000000	-61.259657
7412.500000	-61.690286
7425.000000	-61.912164
7437.500000	-61.497985
7450.000000	-61.139586
7462.500000	-61.987530
7475.000000	-62.528817
7487.500000	-62.740150
7500.000000	-63.341955
7512.500000	-63.477781
7525.000000	-62.774496
7537.500000	-61.696442
7550.000000	-61.986877
7562.500000	-63.366896
7575.000000	-63.353510
7587.500000	-61.746524
7600.000000	-60.593609
7612.500000	-60.615022
7625.000000	-61.512506
7637.500000	-62.515115
7650.000000	-63.712260
7662.500000	-65.010758
7675.000000	-63.873982
7687.500000	-62.200229
7700.000000	-62.302666
7712.500000	-63.458151
7725.000000	-63.858848
7737.500000	-63.522989
7750.000000	-63.227002
7762.500000	-63.312141
7775.000000	-62.021086
7787.500000	-60.548790
7800.000000	-60.656512
7812.500000	-61.549853
7825.000000	-62.574529
7837.500000	-63.010826
7850.000000	-61.805252
7862.500000	-60.356198
7875.000000	-59.206640
7887.500000	-58.658990
7900.000000	-58.133026
7912.500000	-56.886140
7925.000000	-55.669420
7937.500000	-54.940697
7950.000000	-54.089724
7962.500000	-53.134090
7975.000000	-52.494336
7987.500000	-51.944697
8000.000000	-51.433026
8012.500000	-51.457632
8025.000000	-52.471900
8037.500000	-54.392242
8050.000000	-56.283676
8062.500000	-56.931786
8075.000000	-57.223723
8087.500000	-58.624939
8100.000000	-60.508553
8112.500000	-60.875561
8125.000000	-61.239692
8137.500000	-61.778578
8150.000000	-61.762199
8162.500000	-62.585624
8175.000000	-63.535873
8187.500000	-62.765795
8200.000000	-61.919309
8212.500000	-61.933965
8225.000000	-62.366428
8237.500000	-62.821636
8250.000000	-62.395275
8262.500000	-61.311039
8275.000000	-60.475882
8287.500000	-60.746996
8300.000000	-62.261033
8312.500000	-62.396010
8325.000000	-61.490459
8337.500000	-61.476380
8350.000000	-61.714840
8362.500000	-62.155717
8375.000000	-62.780374
8387.500000	-62.367790
8400.000000	-61.525993
8412.500000	-61.427316
8425.000000	-62.117548
8437.500000	-63.732018
8450.000000	-64.958332
8462.500000	-64.129013
8475.000000	-62.935591
8487.500000	-62.149947
8500.000000	-62.002986
8512.500000	-62.634008
8525.000000	-63.138908
8537.500000	-63.217672
8550.000000	-63.683252
8562.500000	-63.976893
8575.000000	-63.514004
8587.500000	-62.706518
8600.000000	-61.798803
8612.500000	-61.305304
8625.000000	-62.103605
8637.500000	-63.720132
8650.000000	-62.716564
8662.500000	-62.075321
8675.000000	-63.259897
8687.500000	-63.906420
8700.000000	-63.480834
8712.500000	-62.231364
8725.000000	-62.154115
8737.500000	-63.782394
8750.000000	-63.749684
8762.500000	-62.390871
8775.000000	-62.022103
8787.500000	-62.556271
8800.000000	-63.403622
8812.500000	-63.183227
8825.000000	-62.187113
8837.500000	-62.025478
8850.000000	-62.663080
8862.500000	-62.363667
8875.000000	-61.246708
8887.500000	-60.942396
8900.000000	-60.967692
8912.500000	-61.756731
8925.000000	-64.679079
8937.500000	-60.642575
8950.000000	-51.588462
8962.500000	-39.079085
8975.000000	-28.638650
8987.500000	-22.380358
9000.000000	-20.122468
9012.500000	-21.719496
9025.000000	-27.219442
9037.500000	-36.794599
9050.000000	-49.701168
9062.500000	-59.712660
9075.000000	-63.220431
9087.500000	-61.597249
9100.000000	-60.671225
9112.500000	-60.865341
9125.000000	-60.839393
9137.500000	-60.336998
9150.000000	-60.253591
9162.500000	-60.768069
9175.000000	-60.681833
9187.500000	-60.443999
9200.000000	-60.878018
9212.500000	-61.348877
9225.000000	-61.483984
9237.500000	-61.828473
9250.000000	-61.997246
9262.500000	-61.836182
9275.000000	-61.378643
9287.500000	-60.655708
9300.000000	-60.801612
9312.500000	-62.085618
9325.000000	-62.814790
9337.500000	-62.168419
9350.000000	-61.768602
9362.500000	-61.310625
9375.000000	-60.496318
9387.500000	-60.251404
9400.000000	-60.462692
9412.500000	-59.615433
9425.000000	-58.173732
9437.500000	-58.027343
9450.000000	-59.172589
9462.500000	-60.833764
9475.000000	-62.975910
9487.500000	-63.299293
9500.000000	-61.253322
9512.500000	-59.971842
9525.000000	-59.989717
9537.500000	-61.097729
9550.000000	-61.994822
9562.500000	-61.557734
9575.000000	-61.040407
9587.500000	-61.368544
9600.000000	-62.389670
9612.500000	-63.342512
9625.000000	-64.118575
9637.500000	-64.257111
9650.000000	-63.321092
9662.500000	-62.671023
9675.000000	-62.242692
9687.500000	-62.331596
9700.000000	-62.468856
9712.500000	-61.634767
9725.000000	-60.980479
9737.500000	-61.081775
9750.000000	-61.321652
9762.500000	-61.860533
9775.000000	-62.895031
9787.500000	-62.501250
9800.000000	-60.621726
9812.500000	-59.400347
9825.000000	-60.132775
9837.500000	-62.381028
9850.000000	-62.420570
9862.500000	-60.996703
9875.000000	-60.382306
9887.500000	-60.230880
9900.000000	-59.619060
9912.500000	-58.603557
9925.000000	-57.305586
9937.500000	-55.789075
9950.000000	-54.813850
9962.500000	-53.995501
9975.000000	-52.487998
9987.500000	-51.301940
10000.000000	-51.205252
10012.500000	-51.830899
10025.000000	-52.691582
10037.500000	-53.463399
10050.000000	-54.073716
10062.500000	-55.087926
10075.000000	-57.111716
10087.500000	-60.133107
10100.000000	-61.616463
10112.500000	-61.153400
10125.000000	-61.534592
10137.500000	-61.892919
10150.000000	-61.213737
10162.500000	-60.744479
10175.000000	-60.850698
10187.500000	-61.450338
10200.000000	-61.674588
10212.500000	-60.926915
10225.000000	-60.839891
10237.500000	-61.817993
10250.000000	-62.932684
10262.500000	-62.961436
10275.000000	-62.508171
10287.500000	-62.709517
10300.000000	-63.104210
10312.500000	-63.243789
10325.000000	-63.328695
10337.500000	-62.507154
10350.000000	-60.885655
10362.500000	-60.104337
10375.000000	-60.534678
10387.500000	-61.972398
10400.000000	-63.679876
10412.500000	-63.908034
10425.000000	-63.174222
10437.500000	-61.432251
10450.000000	-60.420307
10462.500000	-62.013658
10475.000000	-63.419921
10487.500000	-61.632311
10500.000000	-60.862428
10512.500000	-60.792643
10525.000000	-60.588060
10537.500000	-60.760476
10550.000000	-60.960765
10562.500000	-61.060365
10575.000000	-61.605803
10587.500000	-62.338734
10600.000000	-62.343457
10612.500000	-62.027045
10625.000000	-62.039105
10637.500000	-61.822660
10650.000000	-60.896407
10662.500000	-60.649082
10675.000000	-62.097353
10687.500000	-64.106752
10700.000000	-64.785761
10712.500000	-63.973396
10725.000000	-62.894697
10737.500000	-62.449910
10750.000000	-62.533451
10762.500000	-62.719841
10775.000000	-62.382451
10787.500000	-61.686558
10800.000000	-61.275870
10812.500000	-60.796450
10825.000000	-60.853909
10837.500000	-61.741341
10850.000000	-62.256896
10862.500000	-62.017319
10875.000000	-61.404884
10887.500000	-60.899708
10900.000000	-60.769295
10912.500000	-60.950881
10925.000000	-61.149369
10937.500000	-59.103666
10950.000000	-51.755815
10962.500000	-40.389906
10975.000000	-30.345908
10987.500000	-24.139314
11000.000000	-21.850088
11012.500000	-23.386105
11025.000000	-28.804286
11037.500000	-38.294147
11050.000000	-51.099041
11062.500000	-58.758023
11075.000000	-61.284671
11087.500000	-61.417243
11100.000000	-60.622484
11112.500000	-61.225793
11125.000000	-62.615110
11137.500000	-63.257967
11150.000000	-61.478321
11162.500000	-59.677965
11175.000000	-59.359355
11187.500000	-60.238352
11200.000000	-61.072709
11212.500000	-60.912589
11225.000000	-60.750757
11237.500000	-60.292760
11250.000000	-59.514203
11262.500000	-59.640671
11275.000000	-60.178543
11287.500000	-59.919200
11300.000000	-59.598769
11312.500000	-59.522890
11325.000000	-59.374511
11337.500000	-59.725426
11350.000000	-60.390013
11362.500000	-60.391450
11375.000000	-60.137900
11387.500000	-60.687032
11400.000000	-61.516638
11412.500000	-61.794279
11425.000000	-62.302349
11437.500000	-62.678126
11450.000000	-62.685469
11462.500000	-62.876602
11475.000000	-62.947412
11487.500000	-62.518806
11500.000000	-62.136984
11512.500000	-62.063353
11525.000000	-62.478585
11537.500000	-63.293084
11550.000000	-63.099160
11562.500000	-62.002575
11575.000000	-61.047710
11587.500000	-60.457183
11600.000000	-59.767576
11612.500000	-59.283006
11625.000000	-60.057325
11637.500000	-62.035865
11650.000000	-63.104585
11662.500000	-62.402351
11675.000000	-62.656673
11687.500000	-63.699757
11700.000000	-63.193781
11712.500000	-62.113702
11725.000000	-61.471028
11737.500000	-61.083250
11750.000000	-60.630359
11762.500000	-60.533420
11775.000000	-61.148621
11787.500000	-62.151870
11800.000000	-63.089932
11812.500000	-63.934513
11825.000000	-64.058472
11837.500000	-63.029294
11850.000000	-61.278353
11862.500000	-59.682204
11875.000000	-58.972081
11887.500000	-58.797813
11900.000000	-58.182178
11912.500000	-56.999156
11925.000000	-55.939039
11937.500000	-55.128001
11950.000000	-54.238581
11962.500000	-53.327254
11975.000000	-52.430914
11987.500000	-51.396957
12000.000000	-50.779502
12012.500000	-51.058110
12025.000000	-51.999008
12037.500000	-53.267171
12050.000000	-54.993261
12062.500000	-57.366504
12075.000000	-59.776276
12087.500000	-60.845476
12100.000000	-61.071773
12112.500000	-61.206355
12125.000000	-61.442800
12137.500000	-62.356699
12150.000000	-63.101722
12162.500000	-62.729955
12175.000000	-61.811798
12187.500000	-61.425226
12200.000000	-61.649226
12212.500000	-61.572784
12225.000000	-61.398833
12237.500000	-61.666928
12250.000000	-62.596960
12262.500000	-63.811034
12275.000000	-64.533335
12287.500000	-63.402573
12300.000000	-61.306565
12312.500000	-60.398958
12325.000000	-60.589128
12337.500000	-61.154660
12350.000000	-61.361133
12362.500000	-61.210781
12375.000000	-61.899964
12387.500000	-62.796794
12400.000000	-62.438419
12412.500000	-61.815374
12425.000000	-61.348126
12437.500000	-61.262792
12450.000000	-61.496008
12462.500000	-61.690248
12475.000000	-62.319029
12487.500000	-62.671402
12500.000000	-62.068165
12512.500000	-61.543470
12525.000000	-61.727986
12537.500000	-61.677993
12550.000000	-61.303332
12562.500000	-61.087123
12575.000000	-60.535604
12587.500000	-60.338835
12600.000000	-60.527069
12612.500000	-60.287354
12625.000000	-60.476419
12637.500000	-61.546949
12650.000000	-62.524685
12662.500000	-62.252990
12675.000000	-61.809827
12687.500000	-62.323916
12700.000000	-63.270723
12712.500000	-63.698962
12725.000000	-63.905384
12737.500000	-63.689330
12750.000000	-63.419207
12762.500000	-63.590315
12775.000000	-63.629534
12787.500000	-63.583865
12800.000000	-62.811687
12812.500000	-61.624358
12825.000000	-61.316711
12837.500000	-61.129770
12850.000000	-61.188100
12862.500000	-61.772523
12875.000000	-62.168776
12887.500000	-62.005942
12900.000000	-61.816988
12912.500000	-62.786847
12925.000000	-63.652850
12937.500000	-58.837538
12950.000000	-51.540489
12962.500000	-41.503665
12975.000000	-31.805944
12987.500000	-25.608687
13000.000000	-23.266754
13012.500000	-24.718581
13025.000000	-29.979415
13037.500000	-38.997546
13050.000000	-49.995232
13062.500000	-57.100844
13075.000000	-60.587525
13087.500000	-61.740187
13100.000000	-62.306042
13112.500000	-61.603421
13125.000000	-60.609597
13137.500000	-60.899238
13150.000000	-62.179836
13162.500000	-62.722835
13175.000000	-62.282059
13187.500000	-61.690364
13200.000000	-60.892076
13212.500000	-60.903044
13225.000000	-61.865926
13237.500000	-62.268675
13250.000000	-61.961614
13262.500000	-61.697546
13275.000000	-62.054536
13287.500000	-63.231191
13300.000000	-63.130734
13312.500000	-61.173981
13325.000000	-60.767893
13337.500000	-62.057081
13350.000000	-63.231260
13362.500000	-63.461755
13375.000000	-64.825985
13387.500000	-65.019553
13400.000000	-62.548823
13412.500000	-61.180683
13425.000000	-61.226205
13437.500000	-62.182705
13450.000000	-62.890469
13462.500000	-62.611698
13475.000000	-62.315578
13487.500000	-62.455132
13500.000000	-62.572760
13512.500000	-63.180012
13525.000000	-65.180865
13537.500000	-65.728862
13550.000000	-63.203867
13562.500000	-62.195444
13575.000000	-62.652997
13587.500000	-63.287711
13600.000000	-63.324156
13612.500000	-63.002997
13625.000000	-61.955876
13637.500000	-60.649628
13650.000000	-59.299021
13662.500000	-58.384112
13675.000000	-58.693029
13687.500000	-59.844491
13700.000000	-60.755087
13712.500000	-60.880211
13725.000000	-61.418256
13737.500000	-62.961478
13750.000000	-62.826068
13762.500000	-61.652622
13775.000000	-61.489088
13787.500000	-62.036996
13800.000000	-61.539661
13812.500000	-60.869921
13825.000000	-61.483041
13837.500000	-61.573551
13850.000000	-61.049502
13862.500000	-61.075054
13875.000000	-60.348259
13887.500000	-58.875185
13900.000000	-58.180044
13912.500000	-58.316590
13925.000000	-57.876722
13937.500000	-56.419172
13950.000000	-54.876038
13962.500000	-53.240738
13975.000000	-51.613064
13987.500000	-50.676129
14000.000000	-50.798662
14012.500000	-51.597218
14025.000000	-52.485099
14037.500000	-53.326602
14050.000000	-54.217229
14062.500000	-55.218419
14075.000000	-56.492560
14087.500000	-58.152535
14100.000000	-60.028666
14112.500000	-61.147559
14125.000000	-61.292465
14137.500000	-61.714014
14150.000000	-62.276154
14162.500000	-62.262704
14175.000000	-62.330498
14187.500000	-62.406627
14200.000000	-62.022208
14212.500000	-62.232859
14225.000000	-63.156610
14237.500000	-62.864700
14250.000000	-61.023978
14262.500000	-59.458468
14275.000000	-58.387219
14287.500000	-58.283223
14300.000000	-59.492941
14312.500000	-61.365333
14325.000000	-62.406455
14337.500000	-61.980397
14350.000000	-61.308408
14362.500000	-61.309585
14375.000000	-61.702013
14387.500000	-61.719012
14400.000000	-61.393849
14412.500000	-62.017966
14425.000000	-62.744665
14437.500000	-62.432104
14450.000000	-62.334002
14462.500000	-62.350776
14475.000000	-61.788987
14487.500000	-61.423507
14500.000000	-61.365999
14512.500000	-61.606731
14525.000000	-62.301012
14537.500000	-63.053014
14550.000000	-62.843164
14562.500000	-61.503431
14575.000000	-60.389671
14587.500000	-60.520894
14600.000000	-61.218230
14612.500000	-61.466391
14625.000000	-62.284022
14637.500000	-63.102933
14650.000000	-63.236135
14662.500000	-62.543722
14675.000000	-60.898543
14687.500000	-60.449500
14700.000000	-62.012866
14712.500000	-63.542253
14725.000000	-62.677520
14737.500000	-61.355929
14750.000000	-61.203631
14762.500000	-61.805682
14775.000000	-62.147142
14787.500000	-62.829334
14800.000000	-63.745963
14812.500000	-63.212958
14825.000000	-61.142722
14837.500000	-60.199118
14850.000000	-60.813781
14862.500000	-61.125395
14875.000000	-60.924268
14887.500000	-61.260449
14900.000000	-61.636343
14912.500000	-60.688834
14925.000000	-59.142050
14937.500000	-56.619301
14950.000000	-51.140905
14962.500000	-42.281876
14975.000000	-32.995549
14987.500000	-26.865654
15000.000000	-24.502922
15012.500000	-25.899903
15025.000000	-31.082344
15037.500000	-39.991777
15050.000000	-50.495440
15062.500000	-56.566932
15075.000000	-59.897967
15087.500000	-61.174116
15100.000000	-61.642766
15112.500000	-61.237900
15125.000000	-60.290467
15137.500000	-59.487041
15150.000000	-59.200712
15162.500000	-59.932160
15175.000000	-61.101829
15187.500000	-61.314041
15200.000000	-60.982894
15212.500000	-60.681131
15225.000000	-60.036295
15237.500000	-60.275414
15250.000000	-61.823695
15262.500000	-62.996984
15275.000000	-62.187236
15287.500000	-60.988623
15300.000000	-61.189260
15312.500000	-62.049062
15325.000000	-62.104211
15337.500000	-61.694641
15350.000000	-61.017147
15362.500000	-60.789178
15375.000000	-61.437698
15387.500000	-61.727528
15400.000000	-61.265439
15412.500000	-60.763365
15425.000000	-60.252853
15437.500000	-59.963193
15450.000000	-60.206743
15462.500000	-59.954554
15475.000000	-58.819545
15487.500000	-58.675445
15500.000000	-59.531781
15512.500000	-60.343366
15525.000000	-61.617213
15537.500000	-63.323252
15550.000000	-64.675049
15562.500000	-65.457865
15575.000000	-63.203150
15587.500000	-60.840902
15600.000000	-60.480022
15612.500000	-61.284251
15625.000000	-61.747763
15637.500000	-62.003281
15650.000000	-62.515999
15662.500000	-62.928559
15675.000000	-63.501630
15687.500000	-63.835884
15700.000000	-63.476846
15712.500000	-63.007827
15725.000000	-62.296026
15737.500000	-61.902178
15750.000000	-61.906304
15762.500000	-62.176692
15775.000000	-62.877318
15787.500000	-63.405955
15800.000000	-63.764387
15812.500000	-63.271066
15825.000000	-62.303210
15837.500000	-61.572949
15850.000000	-60.737933
15862.500000	-60.593260
15875.000000	-61.104703
15887.500000	-60.365598
15900.000000	-58.757844
15912.500000	-57.329864
15925.000000	-56.049100
15937.500000	-54.836439
15950.000000	-53.832109
15962.500000	-52.948943
15975.000000	-51.760459
15987.500000	-50.587344
16000.000000	-50.076956
16012.500000	-50.222230
16025.000000	-50.886843
16037.500000	-52.131689
16050.000000	-53.761290
16062.500000	-55.468166
16075.000000	-57.031106
16087.500000	-58.124765
16100.000000	-58.923665
16112.500000	-60.009689
16125.000000	-61.129002
16137.500000	-61.986545
16150.000000	-63.030722
16162.500000	-63.230343
16175.000000	-63.455559
16187.500000	-65.074246
16200.000000	-64.830506
16212.500000	-62.769217
16225.000000	-62.054519
16237.500000	-62.144506
16250.000000	-61.838469
16262.500000	-61.595176
16275.000000	-61.778624
16287.500000	-62.186247
16300.000000	-62.839823
16312.500000	-63.046567
16325.000000	-62.410128
16337.500000	-61.580761
16350.000000	-61.037195
16362.500000	-60.801697
16375.000000	-60.211602
16387.500000	-60.030934
16400.000000	-60.459194
16412.500000	-60.933986
16425.000000	-61.295864
16437.500000	-61.662725
16450.000000	-62.480214
16462.500000	-62.908862
16475.000000	-62.416881
16487.500000	-61.820334
16500.000000	-61.188038
16512.500000	-60.749390
16525.000000	-60.597254
16537.500000	-60.740069
16550.000000	-61.524929
16562.500000	-62.290281
16575.000000	-61.802434
16587.500000	-60.882311
16600.000000	-61.085427
16612.500000	-61.811575
16625.000000	-62.114875
16637.500000	-62.642810
16650.000000	-63.024301
16662.500000	-63.026486
16675.000000	-62.776082
16687.500000	-61.455740
16700.000000	-60.407295
16712.500000	-61.039841
16725.000000	-62.143453
16737.500000	-62.279909
16750.000000	-62.059369
16762.500000	-62.337455
16775.000000	-63.412492
16787.500000	-64.186800
16800.000000	-63.576596
16812.500000	-62.222920
16825.000000	-61.299058
16837.500000	-61.377337
16850.000000	-61.639824
16862.500000	-60.837240
16875.000000	-60.306995
16887.500000	-60.265299
16900.000000	-60.365220
16912.500000	-61.301141
16925.000000	-62.917090
16937.500000	-59.509532
16950.000000	-52.067483
16962.500000	-42.967749
16975.000000	-33.911505
16987.500000	-27.849509
17000.000000	-25.467833
17012.500000	-26.785984
17025.000000	-31.789891
17037.500000	-40.303717
17050.000000	-50.923467
17062.500000	-59.475137
17075.000000	-61.410686
17087.500000	-61.341086
17100.000000	-61.535015
17112.500000	-60.424421
17125.000000	-59.050729
17137.500000	-58.991752
17150.000000	-59.834763
17162.500000	-60.634454
17175.000000	-61.119083
17187.500000	-60.740947
17200.000000	-60.141947
17212.500000	-59.867411
17225.000000	-59.559192
17237.500000	-59.983191
17250.000000	-61.224234
17262.500000	-62.020354
17275.000000	-61.759710
17287.500000	-61.351540
17300.000000	-61.489146
17312.500000	-61.831910
17325.000000	-61.610204
17337.500000	-61.395867
17350.000000	-61.666141
17362.500000	-61.552042
17375.000000	-61.302237
17387.500000	-61.678158
17400.000000	-62.724537
17412.500000	-63.433829
17425.000000	-62.443977
17437.500000	-60.928042
17450.000000	-60.156196
17462.500000	-60.093787
17475.000000	-60.681319
17487.500000	-61.712860
17500.000000	-61.953145
17512.500000	-61.828142
17525.000000	-62.872383
17537.500000	-64.009957
17550.000000	-62.276259
17562.500000	-60.533673
17575.000000	-59.896256
17587.500000	-60.281979
17600.000000	-60.816733
17612.500000	-60.670545
17625.000000	-60.244249
17637.500000	-59.634739
17650.000000	-59.510474
17662.500000	-60.735993
17675.000000	-62.108349
17687.500000	-62.470896
17700.000000	-62.569730
17712.500000	-62.718260
17725.000000	-62.646496
17737.500000	-61.922199
17750.000000	-61.089213
17762.500000	-60.679642
17775.000000	-61.493863
17787.500000	-62.491989
17800.000000	-62.048113
17812.500000	-61.690949
17825.000000	-62.511266
17837.500000	-63.818053
17850.000000	-63.563345
17862.500000	-62.901260
17875.000000	-62.096908
17887.500000	-61.178396
17900.000000	-60.305575
17912.500000	-58.786628
17925.000000	-56.857997
17937.500000	-55.207520
17950.000000	-54.018931
17962.500000	-52.858944
17975.000000	-51.539460
17987.500000	-50.686235
18000.000000	-50.897349
18012.500000	-51.947032
18025.000000	-52.712653
18037.500000	-53.025446
18050.000000	-53.639709
18062.500000	-54.789311
18075.000000	-56.612948
18087.500000	-58.781766
18100.000000	-60.363399
18112.500000	-61.323070
18125.000000	-61.446277
18137.500000	-61.160354
18150.000000	-61.566221
18162.500000	-62.975726
18175.000000	-64.338754
18187.500000	-63.544131
18200.000000	-62.342642
18212.500000	-61.831640
18225.000000	-61.132063
18237.500000	-60.276742
18250.000000	-60.237852
18262.500000	-61.229250
18275.000000	-61.673074
18287.500000	-61.829665
18300.000000	-61.950772
18312.500000	-61.309087
18325.000000	-61.456773
18337.500000	-62.323653
18350.000000	-63.556128
18362.500000	-64.864615
18375.000000	-64.730708
18387.500000	-64.134949
18400.000000	-63.703181
18412.500000	-63.395341
18425.000000	-62.587141
18437.500000	-60.620296
18450.000000	-59.208741
18462.500000	-59.098993
18475.000000	-59.746475
18487.500000	-60.520125
18500.000000	-61.496640
18512.500000	-61.551546
18525.000000	-61.296583
18537.500000	-62.515175
18550.000000	-62.844647
18562.500000	-61.327805
18575.000000	-59.748841
18587.500000	-58.787986
18600.000000	-58.719468
18612.500000	-59.449327
18625.000000	-60.476097
18637.500000	-61.486089
18650.000000	-62.286881
18662.500000	-61.905313
18675.000000	-60.988115
18687.500000	-61.150620
18700.000000	-62.317610
18712.500000	-62.813302
18725.000000	-61.679292
18737.500000	-60.443583
18750.000000	-60.235941
18762.500000	-61.103947
18775.000000	-62.040433
18787.500000	-61.829993
18800.000000	-61.055733
18812.500000	-60.249285
18825.000000	-59.842558
18837.500000	-59.490311
18850.000000	-58.991347
18862.500000	-58.895338
18875.000000	-59.753276
18887.500000	-61.072992
18900.000000	-61.034151
18912.500000	-60.631242
18925.000000	-60.094504
18937.500000	-56.983599
18950.000000	-51.561439
18962.500000	-43.322688
18975.000000	-34.733572
18987.500000	-28.821479
19000.000000	-26.460220
19012.500000	-27.770865
19025.000000	-32.806459
19037.500000	-41.525828
19050.000000	-52.115406
19062.500000	-58.031327
19075.000000	-60.714878
19087.500000	-62.484471
19100.000000	-63.166125
19112.500000	-62.893893
19125.000000	-62.350793
19137.500000	-61.398241
19150.000000	-60.420964
19162.500000	-60.299491
19175.000000	-61.297898
19187.500000	-62.746633
19200.000000	-63.367161
19212.500000	-62.939503
19225.000000	-62.504896
19237.500000	-62.403759
19250.000000	-62.863899
19262.500000	-63.562397
19275.000000	-63.383318
19287.500000	-62.610023
19300.000000	-62.354539
19312.500000	-63.127812
19325.000000	-63.500734
19337.500000	-62.746265
19350.000000	-62.522337
19362.500000	-62.958898
19375.000000	-62.833642
19387.500000	-61.746148
19400.000000	-60.761353
19412.500000	-60.343926
19425.000000	-60.972541
19437.500000	-62.566197
19450.000000	-63.638269
19462.500000	-63.026930
19475.000000	-62.659101
19487.500000	-62.902928
19500.000000	-63.151784
19512.500000	-63.908108
19525.000000	-64.561073
19537.500000	-63.685428
19550.000000	-62.392283
19562.500000	-62.561083
19575.000000	-62.733571
19587.500000	-61.256321
19600.000000	-60.558295
19612.500000	-61.456250
19625.000000	-62.499924
19637.500000	-62.561759
19650.000000	-62.284252
19662.500000	-62.077906
19675.000000	-62.203996
19687.500000	-61.561842
19700.000000	-60.492278
19712.500000	-60.181031
19725.000000	-60.647121
19737.500000	-60.828616
19750.000000	-60.628614
19762.500000	-60.632787
19775.000000	-60.726616
19787.500000	-61.500490
19800.000000	-61.791376
19812.500000	-60.610531
19825.000000	-60.428150
19837.500000	-61.651301
19850.000000	-62.435975
19862.500000	-61.305119
19875.000000	-59.737315
19887.500000	-59.069811
19900.000000	-58.702462
19912.500000	-58.214326
19925.000000	-57.374299
19937.500000	-55.926811
19950.000000	-54.199904
19962.500000	-52.768555
19975.000000	-51.900146
19987.500000	-51.169573
20000.000000	-50.697795
20012.500000	-51.103185
20025.000000	-52.192395
20037.500000	-53.361199
20050.000000	-54.529452
20062.500000	-55.559554
20075.000000	-56.223067
20087.500000	-56.976246
20100.000000	-58.692789
20112.500000	-61.602107
20125.000000	-63.585702
20137.500000	-63.195006
20150.000000	-62.848514
20162.500000	-62.206621
20175.000000	-61.690765
20187.500000	-62.071320
20200.000000	-61.921137
20212.500000	-61.019345
20225.000000	-61.174558
20237.500000	-62.779296
20250.000000	-64.512200
20262.500000	-64.551491
20275.000000	-62.712945
20287.500000	-60.581854
20300.000000	-59.264088
20312.500000	-59.208384
20325.000000	-60.784094
20337.500000	-62.549497
20350.000000	-61.963788
20362.500000	-61.643477
20375.000000	-63.264841
20387.500000	-64.960780
20400.000000	-63.332625
20412.500000	-62.290941
20425.000000	-62.527945
20437.500000	-62.450846
20450.000000	-62.265900
20462.500000	-62.589131
20475.000000	-63.577338
20487.500000	-64.156555
20500.000000	-63.215044
20512.500000	-62.198791
20525.000000	-61.834906
20537.500000	-61.436397
20550.000000	-61.125588
20562.500000	-62.007537
20575.000000	-63.216111
20587.500000	-62.588809
20600.000000	-61.817312
20612.500000	-62.005902
20625.000000	-62.411921
20637.500000	-62.433573
20650.000000	-62.570639
20662.500000	-62.722491
20675.000000	-62.272519
20687.500000	-61.683589
20700.000000	-61.973413
20712.500000	-61.937419
20725.000000	-61.244180
20737.500000	-61.630044
20750.000000	-62.706614
20762.500000	-63.325975
20775.000000	-63.521665
20787.500000	-63.168671
20800.000000	-62.850448
20812.500000	-62.991852
20825.000000	-62.753671
20837.500000	-62.075549
20850.000000	-61.795549
20862.500000	-60.861350
20875.000000	-59.481157
20887.500000	-58.883102
20900.000000	-59.250436
20912.500000	-60.317197
20925.000000	-61.179967
20937.500000	-59.615280
20950.000000	-52.730517
20962.500000	-43.775459
20975.000000	-35.291745
20987.500000	-29.483055
21000.000000	-27.151629
21012.500000	-28.427984
21025.000000	-33.320477
21037.500000	-41.484186
21050.000000	-50.289395
21062.500000	-56.054800
21075.000000	-59.839274
21087.500000	-61.218528
21100.000000	-61.756954
21112.500000	-62.554375
21125.000000	-62.649615
21137.500000	-62.510324
21150.000000	-62.529981
21162.500000	-61.791118
21175.000000	-60.491335
21187.500000	-59.195785
21200.000000	-58.753450
21212.500000	-59.351355
21225.000000	-60.349643
21237.500000	-61.417863
21250.000000	-62.529480
21262.500000	-62.578019
21275.000000	-61.662607
21287.500000	-61.729099
21300.000000	-62.319687
21312.500000	-61.611513
21325.000000	-61.077332
21337.500000	-61.887650
21350.000000	-62.925511
21362.500000	-63.659089
21375.000000	-63.966776
21387.500000	-63.745253
21400.000000	-63.500406
21412.500000	-63.742524
21425.000000	-64.052859
21437.500000	-64.090127
21450.000000	-64.174007
21462.500000	-63.475906
21475.000000	-62.722784
21487.500000	-62.614013
21500.000000	-62.527308
21512.500000	-62.246580
21525.000000	-62.293480
21537.500000	-62.880131
21550.000000	-63.477005
21562.500000	-64.087114
21575.000000	-63.837591
21587.500000	-63.286632
21600.000000	-63.309142
21612.500000	-63.545241
21625.000000	-63.277286
21637.500000	-62.737516
21650.000000	-62.618435
21662.500000	-63.117064
21675.000000	-63.246484
21687.500000	-62.173520
21700.000000	-60.757544
21712.500000	-60.456806
21725.000000	-61.805213
21737.500000	-63.554394
21750.000000	-63.613566
21762.500000	-63.215037
21775.000000	-63.302760
21787.500000	-62.969505
21800.000000	-62.258585
21812.500000	-62.080404
21825.000000	-62.519534
21837.500000	-62.642625
21850.000000	-62.617799
21862.500000	-62.602849
21875.000000	-61.608274
21887.500000	-60.413167
21900.000000	-59.772878
21912.500000	-59.425300
21925.000000	-58.605639
21937.500000	-56.878292
21950.000000	-55.039140
21962.500000	-53.713276
21975.000000	-52.663134
21987.500000	-51.281055
22000.000000	-50.160147
22012.500000	-50.392053
22025.000000	-52.076208
22037.500000	-54.341916
22050.000000	-56.341846
22062.500000	-57.757691
22075.000000	-58.099260
22087.500000	-58.043897
22100.000000	-58.901432
22112.500000	-60.575955
22125.000000	-61.835096
22137.500000	-61.328183
22150.000000	-60.558018
22162.500000	-61.056259
22175.000000	-61.992583
22187.500000	-62.081468
22200.000000	-61.769685
22212.500000	-62.125692
22225.000000	-62.534342
22237.500000	-62.430030
22250.000000	-61.904114
22262.500000	-60.794370
22275.000000	-60.821967
22287.500000	-62.120986
22300.000000	-63.223681
22312.500000	-64.080468
22325.000000	-63.125479
22337.500000	-61.237483
22350.000000	-60.094331
22362.500000	-59.904491
22375.000000	-60.720683
22387.500000	-62.191109
22400.000000	-62.929843
22412.500000	-61.888079
22425.000000	-60.836009
22437.500000	-60.865425
22450.000000	-61.393697
22462.500000	-61.142903
22475.000000	-60.673734
22487.500000	-60.327130
22500.000000	-60.363085
22512.500000	-61.830111
22525.000000	-63.255204
22537.500000	-61.736935
22550.000000	-60.518176
22562.500000	-60.304125
22575.000000	-60.287643
22587.500000	-60.818958
22600.000000	-61.885318
22612.500000	-62.015567
22625.000000	-60.921041
22637.500000	-60.057713
22650.000000	-59.698815
22662.500000	-59.784054
22675.000000	-60.250971
22687.500000	-60.941503
22700.000000	-62.226741
22712.500000	-62.375647
22725.000000	-61.774548
22737.500000	-62.108391
22750.000000	-62.495110
22762.500000	-62.824733
22775.000000	-63.736534
22787.500000	-63.352947
22800.000000	-62.672532
22812.500000	-63.462319
22825.000000	-63.789077
22837.500000	-61.443781
22850.000000	-60.359051
22862.500000	-60.920677
22875.000000	-60.983363
22887.500000	-61.268272
22900.000000	-62.697204
22912.500000	-63.356876
22925.000000	-61.540581
22937.500000	-57.294485
22950.000000	-51.286799
22962.500000	-43.674551
22975.000000	-35.807942
22987.500000	-30.202708
23000.000000	-27.907043
23012.500000	-29.130493
23025.000000	-33.869211
23037.500000	-41.792468
23050.000000	-51.403842
23062.500000	-59.264302
23075.000000	-61.386042
23087.500000	-61.269724
23100.000000	-61.835830
23112.500000	-62.122029
23125.000000	-61.216335
23137.500000	-60.926613
23150.000000	-61.249158
23162.500000	-60.324907
23175.000000	-59.512265
23187.500000	-60.127502
23200.000000	-60.832969
23212.500000	-60.911347
23225.000000	-61.736007
23237.500000	-62.805827
23250.000000	-63.298425
23262.500000	-62.870386
23275.000000	-61.620468
23287.500000	-60.443163
23300.000000	-59.643600
23312.500000	-59.226536
23325.000000	-59.172689
23337.500000	-59.391146
23350.000000	-59.682120
23362.500000	-60.072831
23375.000000	-60.522854
23387.500000	-60.798115
23400.000000	-60.644451
23412.500000	-61.017192
23425.000000	-62.368891
23437.500000	-62.774995
23450.000000	-61.331344
23462.500000	-60.086028
23475.000000	-60.208135
23487.500000	-61.095066
23500.000000	-61.540166
23512.500000	-61.720208
23525.000000	-61.596378
23537.500000	-61.100384
23550.000000	-60.275111
23562.500000	-59.730521
23575.000000	-59.633774
23587.500000	-60.187965
23600.000000	-61.815285
23612.500000	-63.147972
23625.000000	-62.475204
23637.500000	-60.781449
23650.000000	-59.816656
23662.500000	-60.196589
23675.000000	-60.905118
23687.500000	-60.837381
23700.000000	-60.499491
23712.500000	-60.427977
23725.000000	-60.869513
23737.500000	-61.476819
23750.000000	-62.103071
23762.500000	-63.161190
23775.000000	-63.447472
23787.500000	-62.683316
23800.000000	-62.487489
23812.500000	-63.456626
23825.000000	-63.691557
23837.500000	-62.037319
23850.000000	-60.845824
23862.500000	-60.460309
23875.000000	-60.451109
23887.500000	-59.690414
23900.000000	-58.381998
23912.500000	-57.646399
23925.000000	-57.043559
23937.500000	-55.939307
23950.000000	-54.975471
23962.500000	-53.973911
23975.000000	-52.363328
23987.500000	-50.934350
24000.000000	-50.488389
24012.500000	-50.862166
24025.000000	-51.574404
24037.500000	-52.559079
24050.000000	-53.630722
24062.500000	-54.482519
24075.000000	-55.408961
24087.500000	-56.924750
24100.000000	-58.786013
24112.500000	-59.695108
24125.000000	-59.508159
24137.500000	-59.192528
24150.000000	-59.228598
24162.500000	-59.962955
24175.000000	-61.135416
24187.500000	-61.965917
24200.000000	-61.576666
24212.500000	-60.563071
24225.000000	-59.938688
24237.500000	-59.584084
24250.000000	-59.434484
24262.500000	-60.021821
24275.000000	-61.154428
24287.500000	-62.085544
24300.000000	-62.620153
24312.500000	-62.586154
24325.000000	-62.086716
24337.500000	-61.178499
24350.000000	-60.415834
24362.500000	-60.521753
24375.000000	-61.236007
24387.500000	-61.890097
24400.000000	-62.780347
24412.500000	-63.240221
24425.000000	-62.269834
24437.500000	-61.488204
24450.000000	-61.474939
24462.500000	-61.871892
24475.000000	-62.962474
24487.500000	-63.708892
24500.000000	-63.617539
24512.500000	-62.707220
24525.000000	-62.055442
24537.500000	-62.126627
24550.000000	-62.714923
24562.500000	-62.846000
24575.000000	-62.487929
24587.500000	-62.971995
24600.000000	-62.868628
24612.500000	-61.709655
24625.000000	-61.198464
24637.500000	-60.923028
24650.000000	-60.348106
24662.500000	-60.338959
24675.000000	-60.653011
24687.500000	-60.407591
24700.000000	-60.597225
24712.500000	-61.785785
24725.000000	-62.604084
24737.500000	-62.530559
24750.000000	-62.756715
24762.500000	-62.648150
24775.000000	-61.471017
24787.500000	-60.473385
24800.000000	-60.470044
24812.500000	-61.797819
24825.000000	-62.449469
24837.500000	-60.495532
24850.000000	-59.049169
24862.500000	-58.817979
24875.000000	-58.896384
24887.500000	-58.919102
24900.000000	-59.484698
24912.500000	-60.306553
24925.000000	-60.372366
24937.500000	-59.082950
24950.000000	-53.019709
24962.500000	-44.298442
24975.000000	-36.285960
24987.500000	-30.728371
25000.000000	-28.450565
25012.500000	-29.655668
25025.000000	-34.340860
25037.500000	-42.142420
25050.000000	-50.810422
25062.500000	-55.587749
25075.000000	-57.936140
25087.500000	-59.545229
25100.000000	-59.968456
25112.500000	-60.062435
25125.000000	-60.023040
25137.500000	-59.901826
25150.000000	-60.224880
25162.500000	-60.840041
25175.000000	-61.689887
25187.500000	-62.271158
25200.000000	-61.918739
25212.500000	-61.561396
25225.000000	-60.691750
25237.500000	-59.462746
25250.000000	-59.216805
25262.500000	-59.890621
25275.000000	-59.871392
25287.500000	-58.931627
25300.000000	-58.907180
25312.500000	-60.164811
25325.000000	-61.103168
25337.500000	-61.263671
25350.000000	-61.313305
25362.500000	-61.305279
25375.000000	-61.497000
25387.500000	-62.102564
25400.000000	-63.209895
25412.500000	-63.917206
25425.000000	-62.690453
25437.500000	-61.112882
25450.000000	-60.644787
25462.500000	-61.109771
25475.000000	-61.711204
25487.500000	-62.458661
25500.000000	-63.426496
25512.500000	-62.761243
25525.000000	-61.924525
25537.500000	-62.178180
25550.000000	-62.360434
25562.500000	-61.582954
25575.000000	-60.345298
25587.500000	-59.332703
25600.000000	-59.057177
25612.500000	-60.192667
25625.000000	-62.168653
25637.500000	-62.665773
25650.000000	-63.185348
25662.500000	-64.463993
25675.000000	-63.175259
25687.500000	-61.407128
25700.000000	-61.306930
25712.500000	-61.960382
25725.000000	-61.404694
25737.500000	-60.157387
25750.000000	-59.824553
25762.500000	-60.815726
25775.000000	-62.624645
25787.500000	-62.605169
25800.000000	-60.776421
25812.500000	-59.723250
25825.000000	-60.404676
25837.500000	-62.339213
25850.000000	-62.784207
25862.500000	-61.607332
25875.000000	-61.143551
25887.500000	-61.105312
25900.000000	-60.779064
25912.500000	-60.088385
25925.000000	-59.174133
25937.500000	-57.227149
25950.000000	-54.774431
25962.500000	-52.763467
25975.000000	-51.398651
25987.500000	-50.739163
26000.000000	-50.671953
26012.500000	-51.145010
26025.000000	-52.131367
26037.500000	-53.354245
26050.000000	-54.724383
26062.500000	-56.573915
26075.000000	-58.677078
26087.500000	-59.740419
26100.000000	-60.111993
26112.500000	-60.572719
26125.000000	-60.756406
26137.500000	-60.550049
26150.000000	-60.137999
26162.500000	-60.043080
26175.000000	-60.508886
26187.500000	-60.512991
26200.000000	-60.263563
26212.500000	-61.020982
26225.000000	-61.728830
26237.500000	-61.319344
26250.000000	-61.440465
26262.500000	-62.195630
26275.000000	-62.228823
26287.500000	-61.576825
26300.000000	-61.539215
26312.500000	-61.933248
26325.000000	-61.486349
26337.500000	-60.693704
26350.000000	-61.170899
26362.500000	-62.493131
26375.000000	-62.681559
26387.500000	-62.294049
26400.000000	-62.249206
26412.500000	-62.159332
26425.000000	-61.978397
26437.500000	-62.039533
26450.000000	-61.718363
26462.500000	-61.088581
26475.000000	-61.029670
26487.500000	-61.056426
26500.000000	-60.929704
26512.500000	-61.090360
26525.000000	-61.610171
26537.500000	-61.881529
26550.000000	-61.485219
26562.500000	-61.211348
26575.000000	-61.631414
26587.500000	-62.226303
26600.000000	-62.145963
26612.500000	-61.495025
26625.000000	-61.116765
26637.500000	-61.168535
26650.000000	-61.516483
26662.500000	-61.538404
26675.000000	-60.929071
26687.500000	-60.105504
26700.000000	-59.846844
26712.500000	-60.428605
26725.000000	-61.234780
26737.500000	-61.627477
26750.000000	-62.473489
26762.500000	-64.219184
26775.000000	-64.128355
26787.500000	-62.164672
26800.000000	-60.835763
26812.500000	-60.288329
26825.000000	-59.693395
26837.500000	-59.052005
26850.000000	-59.146501
26862.500000	-60.056318
26875.000000	-60.976297
26887.500000	-61.043372
26900.000000	-60.781155
26912.500000	-61.300977
26925.000000	-62.080307
26937.500000	-59.914174
26950.000000	-53.010509
26962.500000	-44.528718
26975.000000	-36.665500
26987.500000	-31.203043
27000.000000	-28.961980
27012.500000	-30.158624
27025.000000	-34.812482
27037.500000	-42.587835
27050.000000	-51.474019
27062.500000	-57.724767
27075.000000	-61.422505
27087.500000	-63.464602
27100.000000	-63.398092
27112.500000	-62.238837
27125.000000	-61.613049
27137.500000	-61.847548
27150.000000	-61.708936
27162.500000	-60.869842
27175.000000	-60.998768
27187.500000	-62.945769
27200.000000	-65.213093
27212.500000	-64.985645
27225.000000	-63.627084
27237.500000	-63.216999
27250.000000	-63.046051
27262.500000	-63.019093
27275.000000	-62.834030
27287.500000	-62.064515
27300.000000	-61.486338
27312.500000	-61.709319
27325.000000	-61.753942
27337.500000	-61.057379
27350.000000	-61.325858
27362.500000	-62.237413
27375.000000	-61.852406
27387.500000	-60.769822
27400.000000	-60.087503
27412.500000	-60.143104
27425.000000	-60.675559
27437.500000	-61.263278
27450.000000	-61.755153
27462.500000	-62.230605
27475.000000	-61.712443
27487.500000	-60.326820
27500.000000	-60.068055
27512.500000	-61.407608
27525.000000	-61.990469
27537.500000	-61.398148
27550.000000	-61.666389
27562.500000	-63.137985
27575.000000	-63.968740
27587.500000	-63.469143
27600.000000	-62.850856
27612.500000	-61.982001
27625.000000	-60.590564
27637.500000	-59.676154
27650.000000	-59.904271
27662.500000	-60.689952
27675.000000	-60.956669
27687.500000	-60.851177
27700.000000	-61.354906
27712.500000	-62.079564
27725.000000	-61.910233
27737.500000	-61.377971
27750.000000	-61.124431
27762.500000	-61.146629
27775.000000	-61.444291
27787.500000	-62.199426
27800.000000	-62.682257
27812.500000	-63.080978
27825.000000	-64.096956
27837.500000	-65.118306
27850.000000	-64.754007
27862.500000	-63.506794
27875.000000	-62.845768
27887.500000	-62.498334
27900.000000	-61.510935
27912.500000	-59.318016
27925.000000	-57.297076
27937.500000	-56.083601
27950.000000	-55.122746
27962.500000	-53.921236
27975.000000	-52.371001
27987.500000	-50.674020
28000.000000	-49.657383
28012.500000	-49.872934
28025.000000	-51.004802
28037.500000	-52.374430
28050.000000	-53.920271
28062.500000	-56.049434
28075.000000	-58.569426
28087.500000	-60.193757
28100.000000	-60.453736
28112.500000	-60.055416
28125.000000	-59.655003
28137.500000	-59.643222
28150.000000	-59.410771
28162.500000	-59.722209
28175.000000	-60.956569
28187.500000	-61.636521
28200.000000	-61.040524
28212.500000	-60.545234
28225.000000	-61.142841
28237.500000	-62.502669
28250.000000	-63.960086
28262.500000	-64.496500
28275.000000	-63.645904
28287.500000	-63.123575
28300.000000	-62.368255
28312.500000	-61.692114
28325.000000	-62.336374
28337.500000	-63.244481
28350.000000	-63.210805
28362.500000	-62.455874
28375.000000	-61.787259
28387.500000	-61.953054
28400.000000	-62.571890
28412.500000	-62.260163
28425.000000	-62.060412
28437.500000	-62.553446
28450.000000	-61.183971
28462.500000	-58.932025
28475.000000	-58.024024
28487.500000	-58.560530
28500.000000	-59.954840
28512.500000	-61.571153
28525.000000	-62.612409
28537.500000	-63.029135
28550.000000	-62.985723
28562.500000	-62.397877
28575.000000	-62.148369
28587.500000	-62.431086
28600.000000	-62.914041
28612.500000	-63.019802
28625.000000	-63.158159
28637.500000	-64.077597
28650.000000	-63.938780
28662.500000	-62.554101
28675.000000	-61.684227
28687.500000	-62.442428
28700.000000	-62.775315
28712.500000	-60.921971
28725.000000	-59.737147
28737.500000	-59.834442
28750.000000	-60.850309
28762.500000	-61.843669
28775.000000	-62.181697
28787.500000	-62.962837
28800.000000	-63.834247
28812.500000	-63.675016
28825.000000	-63.381092
28837.500000	-63.429594
28850.000000	-62.722162
28862.500000	-61.483423
28875.000000	-61.729889
28887.500000	-62.074263
28900.000000	-61.459427
28912.500000	-61.909361
28925.000000	-62.387736
28937.500000	-59.224025
28950.000000	-52.228205
28962.500000	-44.084421
28975.000000	-36.628118
28987.500000	-31.455155
29000.000000	-29.368922
29012.500000	-30.621642
29025.000000	-35.243362
29037.500000	-42.869882
29050.000000	-51.175489
29062.500000	-55.760642
29075.000000	-57.921775
29087.500000	-59.674137
29100.000000	-61.519792
29112.500000	-62.371566
29125.000000	-61.760092
29137.500000	-61.114827
29150.000000	-61.030249
29162.500000	-61.670388
29175.000000	-62.679908
29187.500000	-62.760982
29200.000000	-62.458850
29212.500000	-61.768205
29225.000000	-61.172545
29237.500000	-61.598299
29250.000000	-61.429149
29262.500000	-60.492981
29275.000000	-60.395924
29287.500000	-60.774689
29300.000000	-60.892025
29312.500000	-61.309100
29325.000000	-62.588728
29337.500000	-63.938423
29350.000000	-64.214165
29362.500000	-63.879350
29375.000000	-63.460158
29387.500000	-63.512841
29400.000000	-63.134131
29412.500000	-62.128741
29425.000000	-60.922918
29437.500000	-59.660946
29450.000000	-59.426634
29462.500000	-59.699701
29475.000000	-59.659518
29487.500000	-59.594010
29500.000000	-59.564704
29512.500000	-59.975753
29525.000000	-61.465590
29537.500000	-63.083841
29550.000000	-63.282398
29562.500000	-62.768456
29575.000000	-61.215896
29587.500000	-60.531253
29600.000000	-61.210498
29612.500000	-62.261143
29625.000000	-62.502124
29637.500000	-62.628414
29650.000000	-63.758036
29662.500000	-64.744109
29675.000000	-63.882460
29687.500000	-62.994015
29700.000000	-62.989436
29712.500000	-62.797797
29725.000000	-62.463026
29737.500000	-61.967706
29750.000000	-61.033156
29762.500000	-60.638400
29775.000000	-62.015547
29787.500000	-64.137643
29800.000000	-63.279256
29812.500000	-62.041632
29825.000000	-62.094523
29837.500000	-62.563765
29850.000000	-62.354875
29862.500000	-61.085269
29875.000000	-59.640689
29887.500000	-58.853181
29900.000000	-58.339949
29912.500000	-57.412358
29925.000000	-56.469228
29937.500000	-55.636679
29950.000000	-54.540694
29962.500000	-53.333569
29975.000000	-52.272078
29987.500000	-51.203848
30000.000000	-50.548214
30012.500000	-50.973339
30025.000000	-52.217250
30037.500000	-53.334746
30050.000000	-54.407394
30062.500000	-55.870121
30075.000000	-57.713090
30087.500000	-60.427560
30100.000000	-63.124113
30112.500000	-62.888288
30125.000000	-62.400314
30137.500000	-62.724677
30150.000000	-63.051413
30162.500000	-62.779495
30175.000000	-62.230641
30187.500000	-62.358522
30200.000000	-62.467664
30212.500000	-61.191491
30225.000000	-60.262196
30237.500000	-60.630353
30250.000000	-60.853827
30262.500000	-60.700010
30275.000000	-60.734803
30287.500000	-60.849214
30300.000000	-61.331725
30312.500000	-62.598307
30325.000000	-64.130294
30337.500000	-64.466681
30350.000000	-64.339885
30362.500000	-64.403055
30375.000000	-63.929678
30387.500000	-63.442167
30400.000000	-63.394661
30412.500000	-62.591735
30425.000000	-61.761474
30437.500000	-61.715651
30450.000000	-62.091223
30462.500000	-62.779995
30475.000000	-63.466377
30487.500000	-62.470122
30500.000000	-60.409448
30512.500000	-59.407079
30525.000000	-59.801305
30537.500000	-61.046381
30550.000000	-62.047529
30562.500000	-62.059378
30575.000000	-61.680043
30587.500000	-61.839335
30600.000000	-62.411932
30612.500000	-61.646599
30625.000000	-60.684681
30637.500000	-60.780537
30650.000000	-61.281171
30662.500000	-61.322837
30675.000000	-60.757742
30687.500000	-60.860627
30700.000000	-62.189046
30712.500000	-63.140773
30725.000000	-61.720945
30737.500000	-60.838935
30750.000000	-61.186682
30762.500000	-61.215883
30775.000000	-61.193646
30787.500000	-61.875798
30800.000000	-62.843446
30812.500000	-62.817621
30825.000000	-61.598921
30837.500000	-60.314144
30850.000000	-59.697589
30862.500000	-60.053799
30875.000000	-60.928621
30887.500000	-61.508836
30900.000000	-61.368042
30912.500000	-61.550034
30925.000000	-62.118669
30937.500000	-58.773081
30950.000000	-51.707857
30962.500000	-43.930020
30975.000000	-36.736076
30987.500000	-31.735606
31000.000000	-29.741022
31012.500000	-31.011276
31025.000000	-35.566213
31037.500000	-43.023260
31050.000000	-51.678223
31062.500000	-58.690987
31075.000000	-61.586204
31087.500000	-60.872205
31100.000000	-60.622647
31112.500000	-61.504757
31125.000000	-61.931012
31137.500000	-61.346604
31150.000000	-60.662462
31162.500000	-60.137440
31175.000000	-59.287437
31187.500000	-59.257631
31200.000000	-59.980229
31212.500000	-59.974862
31225.000000	-59.409562
31237.500000	-59.601878
31250.000000	-60.851456
31262.500000	-61.663565
31275.000000	-61.767482
31287.500000	-61.919895
31300.000000	-61.579814
31312.500000	-61.535640
31325.000000	-62.863356
31337.500000	-64.744744
31350.000000	-64.692195
31362.500000	-63.081505
31375.000000	-62.005909
31387.500000	-62.037403
31400.000000	-62.714093
31412.500000	-62.395771
31425.000000	-61.664470
31437.500000	-60.990371
31450.000000	-60.004725
31462.500000	-59.563797
31475.000000	-60.146740
31487.500000	-61.238538
31500.000000	-62.510152
31512.500000	-63.925431
31525.000000	-64.050406
31537.500000	-62.935165
31550.000000	-62.321212
31562.500000	-62.461990
31575.000000	-62.542314
31587.500000	-62.209978
31600.000000	-61.761034
31612.500000	-61.293296
31625.000000	-60.764099
31637.500000	-60.342582
31650.000000	-60.027923
31662.500000	-60.084631
31675.000000	-60.122313
31687.500000	-60.143230
31700.000000	-60.530240
31712.500000	-60.940509
31725.000000	-60.999083
31737.500000	-60.372833
31750.000000	-59.660749
31762.500000	-59.291445
31775.000000	-58.859483
31787.500000	-58.643520
31800.000000	-59.790582
31812.500000	-61.933277
31825.000000	-62.420244
31837.500000	-61.645068
31850.000000	-61.256451
31862.500000	-61.297586
31875.000000	-61.510568
31887.500000	-61.190998
31900.000000	-60.249771
31912.500000	-59.259214
31925.000000	-58.656176
31937.500000	-57.686131
31950.000000	-55.725430
31962.500000	-53.551718
31975.000000	-51.986342
31987.500000	-51.016678
32000.000000	-50.462170
32012.500000	-50.498091
32025.000000	-51.290796
32037.500000	-52.506326
32050.000000	-53.272403
32062.500000	-53.713913
32075.000000	-54.912917
32087.500000	-56.913574
32100.000000	-58.759964
32112.500000	-60.296031
32125.000000	-61.928426
32137.500000	-62.519161
32150.000000	-61.546141
32162.500000	-61.407372
32175.000000	-62.896274
32187.500000	-64.428296
32200.000000	-63.411951
32212.500000	-62.180189
32225.000000	-62.278411
32237.500000	-61.305010
32250.000000	-60.233763
32262.500000	-61.315959
32275.000000	-63.646641
32287.500000	-64.296995
32300.000000	-62.342890
32312.500000	-60.865229
32325.000000	-60.779548
32337.500000	-61.505639
32350.000000	-62.044665
32362.500000	-62.042143
32375.000000	-62.554500
32387.500000	-63.510565
32400.000000	-63.592421
32412.500000	-62.991703
32425.000000	-62.384516
32437.500000	-61.618007
32450.000000	-61.195075
32462.500000	-61.343015
32475.000000	-61.501252
32487.500000	-60.548243
32500.000000	-59.510063
32512.500000	-60.067161
32525.000000	-61.960461
32537.500000	-63.273936
32550.000000	-63.469502
32562.500000	-63.881402
32575.000000	-64.818878
32587.500000	-64.210725
32600.000000	-61.441429
32612.500000	-59.579048
32625.000000	-59.465525
32637.500000	-61.121989
32650.000000	-63.493360
32662.500000	-64.451761
32675.000000	-63.694198
32687.500000	-61.675126
32700.000000	-60.196943
32712.500000	-59.871215
32725.000000	-59.833982
32737.500000	-60.236458
32750.000000	-61.110440
32762.500000	-61.213052
32775.000000	-60.700450
32787.500000	-60.762888
32800.000000	-61.946510
32812.500000	-63.318823
32825.000000	-64.459694
32837.500000	-64.968613
32850.000000	-63.901735
32862.500000	-63.304631
32875.000000	-62.907419
32887.500000	-61.551466
32900.000000	-60.464918
32912.500000	-60.137536
32925.000000	-59.329870
32937.500000	-56.195791
32950.000000	-51.050340
32962.500000	-44.008021
32975.000000	-36.881664
32987.500000	-31.925431
33000.000000	-29.994064
33012.500000	-31.319721
33025.000000	-35.937219
33037.500000	-43.534649
33050.000000	-52.087494
33062.500000	-57.132377
33075.000000	-58.950258
33087.500000	-59.681233
33100.000000	-60.396705
33112.500000	-62.030801
33125.000000	-64.146899
33137.500000	-63.197586
33150.000000	-61.556342
33162.500000	-61.259135
33175.000000	-61.821869
33187.500000	-62.355361
33200.000000	-62.327851
33212.500000	-61.999633
33225.000000	-61.538997
33237.500000	-61.116144
33250.000000	-60.354040
33262.500000	-59.725416
33275.000000	-59.952870
33287.500000	-60.257534
33300.000000	-59.850146
33312.500000	-60.012353
33325.000000	-61.647893
33337.500000	-63.029154
33350.000000	-62.599815
33362.500000	-61.886171
33375.000000	-61.263556
33387.500000	-60.819913
33400.000000	-60.935070
33412.500000	-61.692854
33425.000000	-62.098052
33437.500000	-62.043365
33450.000000	-62.559257
33462.500000	-62.410440
33475.000000	-61.253008
33487.500000	-60.481985
33500.000000	-60.884201
33512.500000	-61.635784
33525.000000	-61.904648
33537.500000	-61.821390
33550.000000	-62.166080
33562.500000	-62.392600
33575.000000	-61.780417
33587.500000	-61.303955
33600.000000	-60.622412
33612.500000	-59.685161
33625.000000	-59.196588
33637.500000	-59.989673
33650.000000	-62.527955
33662.500000	-63.841398
33675.000000	-62.362762
33687.500000	-61.880253
33700.000000	-63.027968
33712.500000	-64.291467
33725.000000	-64.280942
33737.500000	-62.426898
33750.000000	-60.302380
33762.500000	-59.666145
33775.000000	-60.946669
33787.500000	-62.410864
33800.000000	-61.599702
33812.500000	-61.185232
33825.000000	-61.815357
33837.500000	-62.681158
33850.000000	-63.386314
33862.500000	-62.950621
33875.000000	-61.796754
33887.500000	-61.170969
33900.000000	-60.229409
33912.500000	-58.758377
33925.000000	-57.372169
33937.500000	-56.185312
33950.000000	-55.047024
33962.500000	-53.706649
33975.000000	-52.186688
33987.500000	-51.109500
34000.000000	-50.898441
34012.500000	-51.374591
34025.000000	-52.099990
34037.500000	-52.738196
34050.000000	-53.523586
34062.500000	-54.700934
34075.000000	-55.983684
34087.500000	-57.113788
34100.000000	-58.142185
34112.500000	-59.187316
34125.000000	-60.169873
34137.500000	-60.819363
34150.000000	-61.922317
34162.500000	-63.673325
34175.000000	-64.926995
34187.500000	-64.143184
34200.000000	-63.035422
34212.500000	-63.247888
34225.000000	-63.013066
34237.500000	-61.931139
34250.000000	-61.826378
34262.500000	-62.282357
34275.000000	-61.803159
34287.500000	-60.798999
34300.000000	-60.608711
34312.500000	-60.893787
34325.000000	-60.818599
34337.500000	-60.677490
34350.000000	-60.832470
34362.500000	-60.682944
34375.000000	-60.444652
34387.500000	-61.038999
34400.000000	-62.251091
34412.500000	-62.065735
34425.000000	-61.419939
34437.500000	-62.021744
34450.000000	-62.926579
34462.500000	-62.799465
34475.000000	-62.036546
34487.500000	-61.384240
34500.000000	-61.921710
34512.500000	-63.094714
34525.000000	-62.972336
34537.500000	-62.431712
34550.000000	-62.389423
34562.500000	-62.277002
34575.000000	-61.810931
34587.500000	-61.534541
34600.000000	-61.851283
34612.500000	-62.418966
34625.000000	-62.646262
34637.500000	-62.189460
34650.000000	-61.962814
34662.500000	-61.502155
34675.000000	-60.636527
34687.500000	-60.563885
34700.000000	-61.063708
34712.500000	-61.411535
34725.000000	-61.079362
34737.500000	-60.707770
34750.000000	-61.185532
34762.500000	-61.344389
34775.000000	-60.638863
34787.500000	-60.447199
34800.000000	-61.463443
34812.500000	-62.148625
34825.000000	-61.147620
34837.500000	-60.219944
34850.000000	-60.342670
34862.500000	-61.803380
34875.000000	-63.557856
34887.500000	-63.930048
34900.000000	-63.479007
34912.500000	-62.611674
34925.000000	-60.236210
34937.500000	-56.810851
34950.000000	-51.457684
34962.500000	-43.877833
34975.000000	-36.821131
34987.500000	-32.049978
35000.000000	-30.242677
35012.500000	-31.612444
35025.000000	-36.149782
35037.500000	-43.387365
35050.000000	-51.071585
35062.500000	-55.566794
35075.000000	-58.514868
35087.500000	-61.020734
35100.000000	-61.165444
35112.500000	-60.549369
35125.000000	-60.891941
35137.500000	-61.516342
35150.000000	-61.446527
35162.500000	-61.643787
35175.000000	-62.347008
35187.500000	-61.740045
35200.000000	-60.115393
35212.500000	-59.212603
35225.000000	-59.177878
35237.500000	-60.310399
35250.000000	-62.651663
35262.500000	-62.263894
35275.000000	-60.790559
35287.500000	-60.911582
35300.000000	-61.514192
35312.500000	-61.953553
35325.000000	-62.452567
35337.500000	-62.916551
35350.000000	-62.996881
35362.500000	-62.109476
35375.000000	-60.824343
35387.500000	-60.911520
35400.000000	-62.102851
35412.500000	-62.218112
35425.000000	-61.660018
35437.500000	-61.340604
35450.000000	-60.767304
35462.500000	-60.544280
35475.000000	-61.073256
35487.500000	-61.107471
35500.000000	-60.349054
35512.500000	-60.084271
35525.000000	-60.874165
35537.500000	-62.255305
35550.000000	-63.821621
35562.500000	-64.193700
35575.000000	-63.143061
35587.500000	-62.781692
35600.000000	-63.194615
35612.500000	-62.884573
35625.000000	-62.852382
35637.500000	-63.343744
35650.000000	-63.346097
35662.500000	-63.927807
35675.000000	-64.067460
35687.500000	-61.846705
35700.000000	-59.943700
35712.500000	-59.340990
35725.000000	-59.838360
35737.500000	-60.658712
35750.000000	-60.840416
35762.500000	-60.763342
35775.000000	-60.778025
35787.500000	-60.848433
35800.000000	-61.181066
35812.500000	-61.846445
35825.000000	-62.366716
35837.500000	-62.088300
35850.000000	-62.040297
35862.500000	-62.182362
35875.000000	-61.417441
35887.500000	-59.936070
35900.000000	-58.005992
35912.500000	-56.430180
35925.000000	-55.680585
35937.500000	-55.355739
35950.000000	-54.680185
35962.500000	-53.660770
35975.000000	-52.686224
35987.500000	-51.742651
36000.000000	-51.123710
36012.500000	-51.263288
36025.000000	-52.311821
36037.500000	-54.090144
36050.000000	-55.740989
36062.500000	-56.493174
36075.000000	-57.088359
36087.500000	-58.123160
36100.000000	-58.988989
36112.500000	-59.535762
36125.000000	-60.323677
36137.500000	-61.200747
36150.000000	-61.552502
36162.500000	-61.345329
36175.000000	-61.409541
36187.500000	-62.660324
36200.000000	-63.074205
36212.500000	-61.186148
36225.000000	-60.475770
36237.500000	-61.618158
36250.000000	-62.477258
36262.500000	-61.917922
36275.000000	-61.965750
36287.500000	-62.959672
36300.000000	-62.937072
36312.500000	-62.264012
36325.000000	-62.041100
36337.500000	-62.063413
36350.000000	-62.445043
36362.500000	-62.526476
36375.000000	-62.250703
36387.500000	-61.778961
36400.000000	-61.387885
36412.500000	-61.471426
36425.000000	-61.874770
36437.500000	-61.561166
36450.000000	-60.971322
36462.500000	-61.068969
36475.000000	-61.395037
36487.500000	-61.785568
36500.000000	-61.856801
36512.500000	-61.729396
36525.000000	-61.615013
36537.500000	-61.213230
36550.000000	-61.498653
36562.500000	-62.970535
36575.000000	-65.212704
36587.500000	-65.753464
36600.000000	-63.929636
36612.500000	-62.079030
36625.000000	-60.944337
36637.500000	-60.761439
36650.000000	-61.494718
36662.500000	-62.805161
36675.000000	-63.407174
36687.500000	-62.247044
36700.000000	-61.348330
36712.500000	-61.564114
36725.000000	-62.113873
36737.500000	-63.380297
36750.000000	-63.807815
36762.500000	-62.541186
36775.000000	-61.998095
36787.500000	-61.751944
36800.000000	-61.047574
36812.500000	-60.876867
36825.000000	-61.232649
36837.500000	-61.307129
36850.000000	-60.731407
36862.500000	-59.591144
36875.000000	-59.225102
36887.500000	-60.148384
36900.000000	-61.845157
36912.500000	-62.708418
36925.000000	-60.621007
36937.500000	-56.298710
36950.000000	-50.845627
36962.500000	-43.584384
36975.000000	-36.649551
36987.500000	-32.011931
37000.000000	-30.327016
37012.500000	-31.762939
37025.000000	-36.252418
37037.500000	-43.232026
37050.000000	-51.062424
37062.500000	-58.174260
37075.000000	-61.452921
37087.500000	-61.282195
37100.000000	-62.549365
37112.500000	-64.201203
37125.000000	-64.206903
37137.500000	-63.621338
37150.000000	-62.690528
37162.500000	-61.572870
37175.000000	-61.068281
37187.500000	-61.277146
37200.000000	-61.655430
37212.500000	-61.698876
37225.000000	-61.481684
37237.500000	-61.479356
37250.000000	-61.275058
37262.500000	-61.071341
37275.000000	-61.476711
37287.500000	-61.995937
37300.000000	-61.787150
37312.500000	-61.447484
37325.000000	-61.400238
37337.500000	-61.843016
37350.000000	-62.654263
37362.500000	-62.959510
37375.000000	-61.830583
37387.500000	-60.996318
37400.000000	-60.994259
37412.500000	-61.021180
37425.000000	-61.807754
37437.500000	-63.869425
37450.000000	-65.013519
37462.500000	-64.455643
37475.000000	-63.718115
37487.500000	-62.120264
37500.000000	-61.520951
37512.500000	-61.782335
37525.000000	-62.158388
37537.500000	-62.866745
37550.000000	-62.673767
37562.500000	-61.609652
37575.000000	-60.418374
37587.500000	-60.062033
37600.000000	-60.923361
37612.500000	-61.697585
37625.000000	-62.490519
37637.500000	-62.322114
37650.000000	-61.611344
37662.500000	-61.904646
37675.000000	-61.909553
37687.500000	-61.712848
37700.000000	-61.898610
37712.500000	-62.607387
37725.000000	-63.552850
37737.500000	-63.407117
37750.000000	-63.112031
37762.500000	-63.423809
37775.000000	-62.765936
37787.500000	-61.871731
37800.000000	-61.789194
37812.500000	-61.215673
37825.000000	-59.934972
37837.500000	-59.414758
37850.000000	-59.718091
37862.500000	-60.175235
37875.000000	-60.749654
37887.500000	-60.988809
37900.000000	-60.018414
37912.500000	-58.752981
37925.000000	-57.811090
37937.500000	-55.983535
37950.000000	-53.881839
37962.500000	-52.458014
37975.000000	-51.424625
37987.500000	-50.748672
38000.000000	-50.968694
38012.500000	-52.057377
38025.000000	-53.230803
38037.500000	-54.159177
38050.000000	-55.062664
38062.500000	-55.934689
38075.000000	-56.887046
38087.500000	-58.132402
38100.000000	-59.817050
38112.500000	-61.516131
38125.000000	-62.084014
38137.500000	-62.254594
38150.000000	-63.023367
38162.500000	-63.905617
38175.000000	-64.239601
38187.500000	-64.012967
38200.000000	-63.268225
38212.500000	-61.309374
38225.000000	-59.481430
38237.500000	-58.797833
38250.000000	-58.881592
38262.500000	-59.129264
38275.000000	-59.550948
38287.500000	-60.208615
38300.000000	-60.642117
38312.500000	-60.589607
38325.000000	-60.368103
38337.500000	-60.548897
38350.000000	-61.378296
38362.500000	-63.165002
38375.000000	-64.523982
38387.500000	-63.600933
38400.000000	-62.480414
38412.500000	-62.749889
38425.000000	-63.753785
38437.500000	-64.135403
38450.000000	-63.290644
38462.500000	-61.933439
38475.000000	-61.453071
38487.500000	-62.269914
38500.000000	-63.899153
38512.500000	-64.329209
38525.000000	-63.954160
38537.500000	-64.022527
38550.000000	-63.680045
38562.500000	-63.450655
38575.000000	-64.679059
38587.500000	-65.634250
38600.000000	-63.295350
38612.500000	-60.480122
38625.000000	-59.144243
38637.500000	-59.629930
38650.000000	-60.429409
38662.500000	-60.036388
38675.000000	-59.380267
38687.500000	-59.142966
38700.000000	-60.035011
38712.500000	-61.815401
38725.000000	-63.545527
38737.500000	-64.799749
38750.000000	-64.096171
38762.500000	-62.529409
38775.000000	-62.303010
38787.500000	-62.511589
38800.000000	-61.840141
38812.500000	-61.565978
38825.000000	-61.433876
38837.500000	-60.635718
38850.000000	-59.795174
38862.500000	-59.229903
38875.000000	-59.257312
38887.500000	-59.890653
38900.000000	-60.874061
38912.500000	-61.936268
38925.000000	-61.637266
38937.500000	-57.900984
38950.000000	-51.374259
38962.500000	-43.500571
38975.000000	-36.488865
38987.500000	-31.925343
39000.000000	-30.355537
39012.500000	-31.908787
39025.000000	-36.513181
39037.500000	-43.672043
39050.000000	-51.795066
39062.500000	-58.174380
39075.000000	-61.088726
39087.500000	-62.095754
39100.000000	-62.328472
39112.500000	-61.946565
39125.000000	-61.939996
39137.500000	-61.330346
39150.000000	-59.921178
39162.500000	-59.406809
39175.000000	-60.045678
39187.500000	-60.767047
39200.000000	-61.097270
39212.500000	-61.861677
39225.000000	-62.898143
39237.500000	-62.653590
39250.000000	-61.682912
39262.500000	-61.811624
39275.000000	-63.273498
39287.500000	-64.349520
39300.000000	-62.850229
39312.500000	-61.584260
39325.000000	-62.456330
39337.500000	-63.734830
39350.000000	-63.299396
39362.500000	-62.417907
39375.000000	-61.846780
39387.500000	-62.872616
39400.000000	-64.513573
39412.500000	-63.540880
39425.000000	-61.690367
39437.500000	-60.500726
39450.000000	-60.232302
39462.500000	-60.684165
39475.000000	-61.149362
39487.500000	-61.649448
39500.000000	-61.972560
39512.500000	-62.163761
39525.000000	-62.213335
39537.500000	-62.411319
39550.000000	-63.265724
39562.500000	-64.554581
39575.000000	-64.523002
39587.500000	-62.753737
39600.000000	-61.909402
39612.500000	-62.065616
39625.000000	-62.415149
39637.500000	-62.789798
39650.000000	-62.864742
39662.500000	-62.977055
39675.000000	-62.608580
39687.500000	-60.824461
39700.000000	-59.478081
39712.500000	-59.821431
39725.000000	-61.370985
39737.500000	-62.574968
39750.000000	-62.093514
39762.500000	-61.419501
39775.000000	-61.784717
39787.500000	-62.010628
39800.000000	-61.281280
39812.500000	-60.736873
39825.000000	-61.087592
39837.500000	-61.841034
39850.000000	-61.719728
39862.500000	-61.109305
39875.000000	-60.646320
39887.500000	-60.297036
39900.000000	-59.882827
39912.500000	-58.875368
39925.000000	-57.555391
39937.500000	-56.050315
39950.000000	-54.461872
39962.500000	-53.243582
39975.000000	-52.428889
39987.500000	-51.845903
