Time	Ch0	Gen
0.0	-0.462709	-1.121353
4e-07	-0.462709	-1.121353
8e-07	-0.4207454	-1.121353
1.2e-06	-0.4207454	-1.121353
1.6e-06	-0.4207454	-1.16448
2e-06	-0.4207454	-1.121353
2.4e-06	-0.4207454	-1.121353
2.8e-06	-0.3787819	-1.121353
3.2e-06	-0.3368183	-1.121353
3.6e-06	-0.3368183	-1.121353
4e-06	-0.3368183	-1.121353
4.4e-06	-0.3368183	-1.121353
4.8e-06	-0.3368183	-1.121353
5.2e-06	-0.3368183	-1.0351
5.6e-06	-0.3368183	-1.078227
6e-06	-0.2948548	-1.078227
6.4e-06	-0.2948548	-1.121353
6.8e-06	-0.2528913	-1.078227
7.2e-06	-0.2948548	-1.121353
7.6e-06	-0.2528913	-1.078227
8e-06	-0.2528913	-1.078227
8.4e-06	-0.2528913	-1.078227
8.8e-06	-0.2109277	-1.078227
9.2e-06	-0.2528913	-1.078227
9.6e-06	-0.2109277	-1.078227
1e-05	-0.2109277	-1.0351
1.04e-05	-0.1689642	-1.0351
1.08e-05	-0.1689642	-1.0351
1.12e-05	-0.1689642	-1.0351
1.16e-05	-0.1689642	-1.0351
1.2e-05	-0.1689642	-1.0351
1.24e-05	-0.1689642	-1.0351
1.28e-05	-0.1689642	-1.078227
1.32e-05	-0.1270006	-0.9919738
1.36e-05	-0.1270006	-0.9919738
1.4e-05	-0.1270006	-1.078227
1.44e-05	-0.1270006	-0.9919738
1.48e-05	-0.1270006	-0.9488473
1.52e-05	-0.08503706	-0.9919738
1.56e-05	-0.08503706	-0.9488473
1.6e-05	-0.08503706	-0.9488473
1.64e-05	-0.08503706	-0.9488473
1.68e-05	-0.08503706	-0.9057208
1.72e-05	-0.04307352	-0.9488473
1.76e-05	-0.04307352	-0.9488473
1.8e-05	-0.04307352	-0.9057208
1.84e-05	-0.001109969	-0.9488473
1.88e-05	-0.001109969	-0.9057208
1.92e-05	-0.04307352	-0.9488473
1.96e-05	-0.001109969	-0.9488473
2e-05	-0.001109969	-0.9057208
2.04e-05	-0.001109969	-0.9057208
2.08e-05	-0.001109969	-0.9488473
2.12e-05	0.04085358	-0.9057208
2.16e-05	-0.001109969	-0.9488473
2.2e-05	0.04085358	-0.9057208
2.24e-05	0.04085358	-0.9057208
2.28e-05	0.04085358	-0.9057208
2.32e-05	0.08281713	-0.9057208
2.36e-05	0.1247807	-0.9057208
2.4e-05	0.08281713	-0.8625943
2.44e-05	0.1247807	-0.8625943
2.48e-05	0.1247807	-0.8625943
2.52e-05	0.1247807	-0.8625943
2.56e-05	0.1247807	-0.8625943
2.6e-05	0.1667442	-0.8625943
2.64e-05	0.1667442	-0.8625943
2.68e-05	0.2087078	-0.8194678
2.72e-05	0.1667442	-0.8194678
2.76e-05	0.2087078	-0.8194678
2.8e-05	0.2087078	-0.7763412
2.84e-05	0.2087078	-0.7763412
2.88e-05	0.2506713	-0.8194678
2.92e-05	0.2506713	-0.7763412
2.96e-05	0.2087078	-0.7763412
3e-05	0.2506713	-0.7763412
3.04e-05	0.2506713	-0.7332147
3.08e-05	0.2926349	-0.7763412
3.12e-05	0.2926349	-0.7763412
3.16e-05	0.2926349	-0.7332147
3.2e-05	0.2926349	-0.7763412
3.24e-05	0.2926349	-0.7763412
3.28e-05	0.3345984	-0.7332147
3.32e-05	0.3345984	-0.7763412
3.36e-05	0.3345984	-0.7332147
3.4e-05	0.3345984	-0.7332147
3.44e-05	0.3345984	-0.7763412
3.48e-05	0.3345984	-0.6900882
3.52e-05	0.376562	-0.6900882
3.56e-05	0.376562	-0.6900882
3.6e-05	0.376562	-0.6900882
3.64e-05	0.376562	-0.6900882
3.68e-05	0.4185255	-0.6469617
3.72e-05	0.4185255	-0.6900882
3.76e-05	0.4185255	-0.6900882
3.8e-05	0.4185255	-0.6900882
3.84e-05	0.4604891	-0.6900882
3.88e-05	0.4604891	-0.6469617
3.92e-05	0.4604891	-0.6469617
3.96e-05	0.4604891	-0.6900882
4e-05	0.5024526	-0.6038351
4.04e-05	0.5024526	-0.6038351
4.08e-05	0.5024526	-0.6038351
4.12e-05	0.5024526	-0.6038351
4.16e-05	0.5024526	-0.6038351
4.2e-05	0.5024526	-0.6038351
4.24e-05	0.5024526	-0.6038351
4.28e-05	0.5444161	-0.5607086
4.32e-05	0.5024526	-0.6038351
4.36e-05	0.5444161	-0.6038351
4.4e-05	0.5444161	-0.6038351
4.44e-05	0.5863797	-0.5175821
4.48e-05	0.5444161	-0.5175821
4.52e-05	0.5863797	-0.5175821
4.56e-05	0.6283432	-0.4744556
4.6e-05	0.5863797	-0.5175821
4.64e-05	0.5863797	-0.5175821
4.68e-05	0.6283432	-0.5175821
4.72e-05	0.6283432	-0.5175821
4.76e-05	0.6283432	-0.4744556
4.8e-05	0.6283432	-0.5175821
4.84e-05	0.6703068	-0.4744556
4.88e-05	0.6703068	-0.4744556
4.92e-05	0.6703068	-0.4744556
4.96e-05	0.6703068	-0.4744556
5e-05	0.6703068	-0.431329
5.04e-05	0.7122703	-0.4744556
5.08e-05	0.7122703	-0.431329
5.12e-05	0.7122703	-0.431329
5.16e-05	0.7122703	-0.431329
5.2e-05	0.7542339	-0.431329
5.24e-05	0.7542339	-0.431329
5.28e-05	0.7542339	-0.431329
5.32e-05	0.7542339	-0.431329
5.36e-05	0.7542339	-0.431329
5.4e-05	0.7961974	-0.431329
5.44e-05	0.7961974	-0.431329
5.48e-05	0.7961974	-0.3882025
5.52e-05	0.838161	-0.3882025
5.56e-05	0.838161	-0.345076
5.6e-05	0.838161	-0.345076
5.64e-05	0.838161	-0.345076
5.68e-05	0.838161	-0.3882025
5.72e-05	0.838161	-0.3019495
5.76e-05	0.8801245	-0.345076
5.8e-05	0.8801245	-0.345076
5.84e-05	0.8801245	-0.345076
5.88e-05	0.8801245	-0.345076
5.92e-05	0.8801245	-0.3019495
5.96e-05	0.9220881	-0.3019495
6e-05	0.9220881	-0.3019495
6.04e-05	0.9220881	-0.3019495
6.08e-05	0.9220881	-0.3019495
6.12e-05	0.9220881	-0.2588229
6.16e-05	0.9220881	-0.2588229
6.2e-05	0.9220881	-0.2588229
6.24e-05	0.9640516	-0.2588229
6.28e-05	0.9640516	-0.2588229
6.32e-05	1.006015	-0.2588229
6.36e-05	1.006015	-0.2588229
6.4e-05	1.006015	-0.2156964
6.44e-05	1.006015	-0.2588229
6.48e-05	1.006015	-0.2156964
6.52e-05	1.006015	-0.2156964
6.56e-05	1.047979	-0.2156964
6.6e-05	1.006015	-0.1725699
6.64e-05	1.047979	-0.1725699
6.68e-05	1.047979	-0.1725699
6.72e-05	1.047979	-0.1725699
6.76e-05	1.047979	-0.1725699
6.8e-05	1.047979	-0.1725699
6.84e-05	1.089942	-0.1725699
6.88e-05	1.089942	-0.1725699
6.92e-05	1.089942	-0.1725699
6.96e-05	1.089942	-0.1294434
7e-05	1.089942	-0.1294434
7.04e-05	1.089942	-0.08631685
7.08e-05	1.089942	-0.08631685
7.12e-05	1.131906	-0.1294434
7.16e-05	1.131906	-0.1294434
7.2e-05	1.173869	-0.08631685
7.24e-05	1.173869	-0.1294434
7.28e-05	1.173869	-0.08631685
7.32e-05	1.173869	-0.08631685
7.36e-05	1.173869	-0.08631685
7.4e-05	1.173869	-0.08631685
7.44e-05	1.173869	-0.04319033
7.48e-05	1.173869	-0.08631685
7.52e-05	1.215833	-0.04319033
7.56e-05	1.215833	-0.04319033
7.6e-05	1.215833	-0.08631685
7.64e-05	1.215833	-0.04319033
7.68e-05	1.215833	-6.380677e-05
7.72e-05	1.215833	-6.380677e-05
7.76e-05	1.257796	-6.380677e-05
7.8e-05	1.257796	-6.380677e-05
7.84e-05	1.257796	-6.380677e-05
7.88e-05	1.257796	-6.380677e-05
7.92e-05	1.257796	0.04306272
7.96e-05	1.29976	0.08618924
8e-05	1.29976	0.04306272
8.04e-05	1.29976	0.08618924
8.08e-05	1.29976	0.08618924
8.12e-05	1.29976	0.08618924
8.16e-05	1.29976	0.08618924
8.2e-05	1.341724	0.08618924
8.24e-05	1.341724	0.08618924
8.28e-05	1.341724	0.08618924
8.32e-05	1.341724	0.08618924
8.36e-05	1.341724	0.08618924
8.4e-05	1.341724	0.08618924
8.44e-05	1.341724	0.08618924
8.48e-05	1.341724	0.1293158
8.52e-05	1.341724	0.1293158
8.56e-05	1.341724	0.1293158
8.6e-05	1.341724	0.1293158
8.64e-05	1.383687	0.1724423
8.68e-05	1.383687	0.1724423
8.72e-05	1.383687	0.1724423
8.76e-05	1.383687	0.2155688
8.8e-05	1.425651	0.2155688
8.84e-05	1.383687	0.2155688
8.88e-05	1.425651	0.2155688
8.92e-05	1.425651	0.2155688
8.96e-05	1.425651	0.3018219
9e-05	1.467614	0.2586953
9.04e-05	1.425651	0.2586953
9.08e-05	1.425651	0.2586953
9.12e-05	1.467614	0.2586953
9.16e-05	1.467614	0.2586953
9.2e-05	1.467614	0.2586953
9.24e-05	1.509578	0.2586953
9.28e-05	1.509578	0.2586953
9.32e-05	1.509578	0.2586953
9.36e-05	1.509578	0.2586953
9.4e-05	1.509578	0.3018219
9.44e-05	1.509578	0.3018219
9.48e-05	1.509578	0.2586953
9.52e-05	1.509578	0.3018219
9.56e-05	1.509578	0.3449484
9.6e-05	1.551541	0.2586953
9.64e-05	1.509578	0.3449484
9.68e-05	1.551541	0.3018219
9.72e-05	1.551541	0.3449484
9.76e-05	1.551541	0.3449484
9.8e-05	1.551541	0.3449484
9.84e-05	1.551541	0.3449484
9.88e-05	1.551541	0.3449484
9.92e-05	1.593505	0.3880749
9.96e-05	1.593505	0.4312014
0.0001	1.593505	0.3880749
0.0001004	1.593505	0.3880749
0.0001008	1.593505	0.4312014
0.0001012	1.593505	0.4312014
0.0001016	1.593505	0.4312014
0.000102	1.593505	0.4312014
0.0001024	1.593505	0.4312014
0.0001028	1.593505	0.4312014
0.0001032	1.635468	0.4312014
0.0001036	1.635468	0.474328
0.000104	1.635468	0.474328
0.0001044	1.635468	0.474328
0.0001048	1.635468	0.474328
0.0001052	1.635468	0.474328
0.0001056	1.677432	0.5174545
0.000106	1.635468	0.4312014
0.0001064	1.677432	0.474328
0.0001068	1.677432	0.5174545
0.0001072	1.677432	0.5174545
0.0001076	1.677432	0.5174545
0.000108	1.677432	0.5174545
0.0001084	1.677432	0.5174545
0.0001088	1.677432	0.560581
0.0001092	1.677432	0.560581
0.0001096	1.677432	0.6037075
0.00011	1.677432	0.560581
0.0001104	1.677432	0.6037075
0.0001108	1.677432	0.6037075
0.0001112	1.677432	0.6037075
0.0001116	1.677432	0.6037075
0.000112	1.677432	0.6037075
0.0001124	1.719395	0.6037075
0.0001128	1.719395	0.6037075
0.0001132	1.677432	0.646834
0.0001136	1.719395	0.6037075
0.000114	1.719395	0.6037075
0.0001144	1.719395	0.646834
0.0001148	1.719395	0.6037075
0.0001152	1.719395	0.646834
0.0001156	1.719395	0.646834
0.000116	1.719395	0.6037075
0.0001164	1.719395	0.646834
0.0001168	1.719395	0.646834
0.0001172	1.719395	0.6899606
0.0001176	1.761359	0.6899606
0.000118	1.719395	0.6899606
0.0001184	1.761359	0.646834
0.0001188	1.719395	0.6899606
0.0001192	1.761359	0.6899606
0.0001196	1.761359	0.7762136
0.00012	1.761359	0.6899606
0.0001204	1.761359	0.6899606
0.0001208	1.761359	0.6899606
0.0001212	1.761359	0.7330871
0.0001216	1.761359	0.6899606
0.000122	1.761359	0.7330871
0.0001224	1.761359	0.7330871
0.0001228	1.761359	0.7762136
0.0001232	1.761359	0.7762136
0.0001236	1.761359	0.7762136
0.000124	1.761359	0.7762136
0.0001244	1.803323	0.7762136
0.0001248	1.761359	0.7762136
0.0001252	1.761359	0.7762136
0.0001256	1.761359	0.7762136
0.000126	1.803323	0.7762136
0.0001264	1.803323	0.8193401
0.0001268	1.803323	0.8193401
0.0001272	1.761359	0.8193401
0.0001276	1.803323	0.8193401
0.000128	1.803323	0.8193401
0.0001284	1.803323	0.8193401
0.0001288	1.803323	0.8193401
0.0001292	1.761359	0.8193401
0.0001296	1.803323	0.9055932
0.00013	1.803323	0.8624667
0.0001304	1.803323	0.8624667
0.0001308	1.761359	0.8624667
0.0001312	1.803323	0.8624667
0.0001316	1.803323	0.8624667
0.000132	1.803323	0.8624667
0.0001324	1.761359	0.8624667
0.0001328	1.761359	0.9055932
0.0001332	1.803323	0.8624667
0.0001336	1.803323	0.9055932
0.000134	1.803323	0.9055932
0.0001344	1.803323	0.9055932
0.0001348	1.803323	0.9055932
0.0001352	1.845286	0.9487197
0.0001356	1.803323	0.9487197
0.000136	1.845286	0.8624667
0.0001364	1.803323	0.9487197
0.0001368	1.803323	0.9487197
0.0001372	1.803323	0.9487197
0.0001376	1.803323	0.9487197
0.000138	1.761359	0.9487197
0.0001384	1.803323	0.9487197
0.0001388	1.803323	0.9918462
0.0001392	1.803323	0.9918462
0.0001396	1.803323	1.034973
0.00014	1.803323	0.9918462
0.0001404	1.761359	0.9918462
0.0001408	1.803323	0.9918462
0.0001412	1.803323	0.9918462
0.0001416	1.803323	1.034973
0.000142	1.803323	0.9918462
0.0001424	1.803323	0.9918462
0.0001428	1.803323	1.034973
0.0001432	1.803323	0.9918462
0.0001436	1.803323	1.034973
0.000144	1.803323	1.034973
0.0001444	1.803323	1.034973
0.0001448	1.803323	0.9918462
0.0001452	1.803323	1.034973
0.0001456	1.803323	1.078099
0.000146	1.803323	0.9918462
0.0001464	1.803323	1.034973
0.0001468	1.761359	1.078099
0.0001472	1.761359	1.078099
0.0001476	1.761359	1.078099
0.000148	1.803323	1.034973
0.0001484	1.803323	1.078099
0.0001488	1.803323	1.121226
0.0001492	1.803323	1.078099
0.0001496	1.761359	1.164352
0.00015	1.761359	1.078099
0.0001504	1.761359	1.121226
0.0001508	1.803323	1.078099
0.0001512	1.761359	1.121226
0.0001516	1.761359	1.121226
0.000152	1.761359	1.121226
0.0001524	1.761359	1.121226
0.0001528	1.761359	1.121226
0.0001532	1.761359	1.121226
0.0001536	1.761359	1.121226
0.000154	1.761359	1.121226
0.0001544	1.719395	1.121226
0.0001548	1.761359	1.121226
0.0001552	1.761359	1.121226
0.0001556	1.761359	1.164352
0.000156	1.761359	1.121226
0.0001564	1.761359	1.164352
0.0001568	1.761359	1.164352
0.0001572	1.719395	1.164352
0.0001576	1.719395	1.164352
0.000158	1.719395	1.164352
0.0001584	1.719395	1.164352
0.0001588	1.719395	1.164352
0.0001592	1.761359	1.164352
0.0001596	1.719395	1.207479
0.00016	1.719395	1.207479
0.0001604	1.761359	1.207479
0.0001608	1.719395	1.207479
0.0001612	1.719395	1.207479
0.0001616	1.719395	1.207479
0.000162	1.719395	1.207479
0.0001624	1.719395	1.207479
0.0001628	1.677432	1.207479
0.0001632	1.677432	1.207479
0.0001636	1.719395	1.207479
0.000164	1.719395	1.207479
0.0001644	1.719395	1.207479
0.0001648	1.677432	1.207479
0.0001652	1.719395	1.250605
0.0001656	1.719395	1.207479
0.000166	1.677432	1.164352
0.0001664	1.719395	1.250605
0.0001668	1.677432	1.250605
0.0001672	1.677432	1.250605
0.0001676	1.677432	1.250605
0.000168	1.677432	1.250605
0.0001684	1.677432	1.250605
0.0001688	1.677432	1.250605
0.0001692	1.677432	1.293732
0.0001696	1.635468	1.293732
0.00017	1.635468	1.250605
0.0001704	1.677432	1.293732
0.0001708	1.635468	1.293732
0.0001712	1.593505	1.293732
0.0001716	1.635468	1.293732
0.000172	1.635468	1.293732
0.0001724	1.635468	1.293732
0.0001728	1.635468	1.293732
0.0001732	1.635468	1.293732
0.0001736	1.635468	1.293732
0.000174	1.593505	1.293732
0.0001744	1.593505	1.293732
0.0001748	1.593505	1.293732
0.0001752	1.593505	1.293732
0.0001756	1.593505	1.293732
0.000176	1.593505	1.293732
0.0001764	1.551541	1.293732
0.0001768	1.551541	1.293732
0.0001772	1.593505	1.293732
0.0001776	1.551541	1.293732
0.000178	1.551541	1.336858
0.0001784	1.551541	1.293732
0.0001788	1.551541	1.293732
0.0001792	1.551541	1.293732
0.0001796	1.551541	1.293732
0.00018	1.551541	1.293732
0.0001804	1.551541	1.293732
0.0001808	1.509578	1.293732
0.0001812	1.551541	1.293732
0.0001816	1.551541	1.293732
0.000182	1.551541	1.379985
0.0001824	1.509578	1.293732
0.0001828	1.509578	1.336858
0.0001832	1.509578	1.379985
0.0001836	1.509578	1.293732
0.000184	1.509578	1.336858
0.0001844	1.509578	1.336858
0.0001848	1.467614	1.336858
0.0001852	1.425651	1.336858
0.0001856	1.467614	1.336858
0.000186	1.425651	1.336858
0.0001864	1.425651	1.336858
0.0001868	1.425651	1.336858
0.0001872	1.425651	1.293732
0.0001876	1.425651	1.336858
0.000188	1.425651	1.336858
0.0001884	1.425651	1.379985
0.0001888	1.383687	1.336858
0.0001892	1.383687	1.379985
0.0001896	1.383687	1.379985
0.00019	1.383687	1.336858
0.0001904	1.383687	1.336858
0.0001908	1.383687	1.293732
0.0001912	1.383687	1.336858
0.0001916	1.341724	1.336858
0.000192	1.341724	1.379985
0.0001924	1.341724	1.336858
0.0001928	1.341724	1.336858
0.0001932	1.341724	1.336858
0.0001936	1.341724	1.336858
0.000194	1.341724	1.336858
0.0001944	1.29976	1.293732
0.0001948	1.341724	1.336858
0.0001952	1.29976	1.336858
0.0001956	1.341724	1.293732
0.000196	1.29976	1.336858
0.0001964	1.29976	1.336858
0.0001968	1.257796	1.336858
0.0001972	1.257796	1.293732
0.0001976	1.257796	1.293732
0.000198	1.29976	1.336858
0.0001984	1.257796	1.336858
0.0001988	1.257796	1.336858
0.0001992	1.257796	1.336858
0.0001996	1.257796	1.336858
0.0002	1.215833	1.336858
0.0002004	1.215833	1.336858
0.0002008	1.215833	1.379985
0.0002012	1.215833	1.379985
0.0002016	1.173869	1.336858
0.000202	1.215833	1.336858
0.0002024	1.173869	1.336858
0.0002028	1.173869	1.379985
0.0002032	1.173869	1.336858
0.0002036	1.173869	1.336858
0.000204	1.173869	1.336858
0.0002044	1.173869	1.379985
0.0002048	1.173869	1.336858
0.0002052	1.173869	1.336858
0.0002056	1.173869	1.379985
0.000206	1.131906	1.336858
0.0002064	1.131906	1.336858
0.0002068	1.089942	1.336858
0.0002072	1.089942	1.336858
0.0002076	1.131906	1.379985
0.000208	1.089942	1.293732
0.0002084	1.089942	1.336858
0.0002088	1.089942	1.336858
0.0002092	1.089942	1.379985
0.0002096	1.089942	1.293732
0.00021	1.047979	1.336858
0.0002104	1.047979	1.336858
0.0002108	1.047979	1.336858
0.0002112	1.047979	1.336858
0.0002116	1.047979	1.293732
0.000212	1.047979	1.336858
0.0002124	1.006015	1.336858
0.0002128	1.006015	1.336858
0.0002132	1.006015	1.293732
0.0002136	1.006015	1.293732
0.000214	0.9640516	1.336858
0.0002144	0.9640516	1.293732
0.0002148	0.9640516	1.293732
0.0002152	0.9220881	1.293732
0.0002156	0.9640516	1.293732
0.000216	0.9220881	1.293732
0.0002164	0.9220881	1.293732
0.0002168	0.9220881	1.293732
0.0002172	0.9220881	1.293732
0.0002176	0.9220881	1.293732
0.000218	0.9220881	1.293732
0.0002184	0.9220881	1.293732
0.0002188	0.8801245	1.293732
0.0002192	0.8801245	1.293732
0.0002196	0.8801245	1.293732
0.00022	0.838161	1.250605
0.0002204	0.838161	1.293732
0.0002208	0.8801245	1.293732
0.0002212	0.838161	1.293732
0.0002216	0.838161	1.336858
0.000222	0.838161	1.293732
0.0002224	0.838161	1.293732
0.0002228	0.838161	1.379985
0.0002232	0.7961974	1.250605
0.0002236	0.7961974	1.293732
0.000224	0.7961974	1.250605
0.0002244	0.7542339	1.250605
0.0002248	0.7542339	1.250605
0.0002252	0.7542339	1.250605
0.0002256	0.7122703	1.250605
0.000226	0.7122703	1.250605
0.0002264	0.7542339	1.250605
0.0002268	0.7122703	1.207479
0.0002272	0.7122703	1.250605
0.0002276	0.7122703	1.250605
0.000228	0.7122703	1.250605
0.0002284	0.7122703	1.250605
0.0002288	0.6703068	1.250605
0.0002292	0.6703068	1.293732
0.0002296	0.6703068	1.250605
0.00023	0.6703068	1.250605
0.0002304	0.6703068	1.207479
0.0002308	0.6283432	1.250605
0.0002312	0.6703068	1.250605
0.0002316	0.6283432	1.250605
0.000232	0.6283432	1.250605
0.0002324	0.6283432	1.207479
0.0002328	0.5863797	1.207479
0.0002332	0.5863797	1.207479
0.0002336	0.5863797	1.207479
0.000234	0.5863797	1.207479
0.0002344	0.5444161	1.207479
0.0002348	0.5444161	1.164352
0.0002352	0.5444161	1.164352
0.0002356	0.5444161	1.164352
0.000236	0.5024526	1.207479
0.0002364	0.5024526	1.164352
0.0002368	0.5024526	1.164352
0.0002372	0.5024526	1.207479
0.0002376	0.4604891	1.164352
0.000238	0.4604891	1.164352
0.0002384	0.4604891	1.164352
0.0002388	0.4185255	1.164352
0.0002392	0.4604891	1.121226
0.0002396	0.4185255	1.121226
0.00024	0.4185255	1.121226
0.0002404	0.4185255	1.121226
0.0002408	0.376562	1.121226
0.0002412	0.4185255	1.121226
0.0002416	0.376562	1.121226
0.000242	0.376562	1.121226
0.0002424	0.376562	1.121226
0.0002428	0.3345984	1.121226
0.0002432	0.3345984	1.121226
0.0002436	0.3345984	1.121226
0.000244	0.3345984	1.121226
0.0002444	0.3345984	1.121226
0.0002448	0.3345984	1.121226
0.0002452	0.3345984	1.078099
0.0002456	0.3345984	1.121226
0.000246	0.3345984	1.078099
0.0002464	0.2926349	1.121226
0.0002468	0.2926349	1.078099
0.0002472	0.2506713	1.078099
0.0002476	0.2506713	1.034973
0.000248	0.2506713	1.078099
0.0002484	0.2506713	1.078099
0.0002488	0.2506713	1.121226
0.0002492	0.2506713	1.078099
0.0002496	0.2087078	1.034973
0.00025	0.2087078	1.078099
0.0002504	0.2087078	1.078099
0.0002508	0.2087078	1.034973
0.0002512	0.1667442	1.034973
0.0002516	0.1667442	1.034973
0.000252	0.1667442	1.034973
0.0002524	0.1667442	0.9918462
0.0002528	0.1667442	1.034973
0.0002532	0.1247807	1.034973
0.0002536	0.1247807	0.9918462
0.000254	0.08281713	0.9918462
0.0002544	0.1247807	0.9918462
0.0002548	0.1247807	0.9918462
0.0002552	0.08281713	0.9918462
0.0002556	0.08281713	0.9918462
0.000256	0.08281713	0.9918462
0.0002564	0.04085358	0.9918462
0.0002568	0.04085358	0.9918462
0.0002572	0.04085358	0.9487197
0.0002576	-0.001109969	0.9487197
0.000258	0.04085358	0.9487197
0.0002584	-0.001109969	0.9487197
0.0002588	-0.001109969	0.9487197
0.0002592	-0.001109969	0.9487197
0.0002596	-0.04307352	0.9487197
0.00026	-0.001109969	0.9487197
0.0002604	-0.001109969	0.9487197
0.0002608	-0.08503706	0.9487197
0.0002612	-0.08503706	0.9487197
0.0002616	-0.04307352	0.9055932
0.000262	-0.08503706	0.9055932
0.0002624	-0.08503706	0.9918462
0.0002628	-0.08503706	0.9055932
0.0002632	-0.1270006	0.9055932
0.0002636	-0.1270006	0.9055932
0.000264	-0.1270006	0.9055932
0.0002644	-0.1270006	0.9055932
0.0002648	-0.1689642	0.8624667
0.0002652	-0.1689642	0.8624667
0.0002656	-0.1689642	0.8624667
0.000266	-0.1689642	0.8624667
0.0002664	-0.1689642	0.8193401
0.0002668	-0.1689642	0.8624667
0.0002672	-0.2109277	0.8624667
0.0002676	-0.2109277	0.8624667
0.000268	-0.2109277	0.8193401
0.0002684	-0.2109277	0.8624667
0.0002688	-0.2528913	0.8624667
0.0002692	-0.2528913	0.8193401
0.0002696	-0.2528913	0.8193401
0.00027	-0.2528913	0.7762136
0.0002704	-0.2948548	0.7762136
0.0002708	-0.2948548	0.7762136
0.0002712	-0.2948548	0.7762136
0.0002716	-0.2948548	0.7762136
0.000272	-0.2948548	0.7762136
0.0002724	-0.3368183	0.7762136
0.0002728	-0.3368183	0.7762136
0.0002732	-0.3368183	0.7762136
0.0002736	-0.3368183	0.7762136
0.000274	-0.3368183	0.7762136
0.0002744	-0.3368183	0.7762136
0.0002748	-0.3787819	0.7762136
0.0002752	-0.3787819	0.7330871
0.0002756	-0.4207454	0.7330871
0.000276	-0.4207454	0.7330871
0.0002764	-0.4207454	0.7330871
0.0002768	-0.462709	0.6899606
0.0002772	-0.462709	0.7330871
0.0002776	-0.462709	0.7330871
0.000278	-0.462709	0.6899606
0.0002784	-0.5046725	0.646834
0.0002788	-0.5046725	0.6899606
0.0002792	-0.5046725	0.6899606
0.0002796	-0.5046725	0.646834
0.00028	-0.5046725	0.646834
0.0002804	-0.5046725	0.646834
0.0002808	-0.5046725	0.646834
0.0002812	-0.5046725	0.6037075
0.0002816	-0.5466361	0.646834
0.000282	-0.5466361	0.6037075
0.0002824	-0.5466361	0.6037075
0.0002828	-0.5885996	0.6037075
0.0002832	-0.5885996	0.6037075
0.0002836	-0.5885996	0.6037075
0.000284	-0.5885996	0.6037075
0.0002844	-0.5885996	0.6037075
0.0002848	-0.6305632	0.6037075
0.0002852	-0.5885996	0.6037075
0.0002856	-0.6305632	0.560581
0.000286	-0.6305632	0.560581
0.0002864	-0.6305632	0.560581
0.0002868	-0.6305632	0.560581
0.0002872	-0.6725267	0.560581
0.0002876	-0.6725267	0.560581
0.000288	-0.6725267	0.560581
0.0002884	-0.6725267	0.5174545
0.0002888	-0.6725267	0.5174545
0.0002892	-0.6725267	0.5174545
0.0002896	-0.7144903	0.5174545
0.00029	-0.7144903	0.5174545
0.0002904	-0.7564538	0.474328
0.0002908	-0.7564538	0.5174545
0.0002912	-0.7564538	0.474328
0.0002916	-0.7564538	0.474328
0.000292	-0.7564538	0.474328
0.0002924	-0.7984174	0.474328
0.0002928	-0.7984174	0.474328
0.0002932	-0.7984174	0.4312014
0.0002936	-0.7984174	0.4312014
0.000294	-0.8403809	0.4312014
0.0002944	-0.7984174	0.4312014
0.0002948	-0.8403809	0.4312014
0.0002952	-0.8403809	0.4312014
0.0002956	-0.8403809	0.4312014
0.000296	-0.8403809	0.3880749
0.0002964	-0.8403809	0.3880749
0.0002968	-0.8823445	0.3880749
0.0002972	-0.8403809	0.3880749
0.0002976	-0.8823445	0.3449484
0.000298	-0.8823445	0.3449484
0.0002984	-0.8823445	0.3449484
0.0002988	-0.8823445	0.3449484
0.0002992	-0.924308	0.3449484
0.0002996	-0.924308	0.3449484
0.0003	-0.924308	0.3449484
0.0003004	-0.924308	0.3018219
0.0003008	-0.924308	0.3018219
0.0003012	-0.9662716	0.3018219
0.0003016	-0.9662716	0.3018219
0.000302	-0.9662716	0.3018219
0.0003024	-0.9662716	0.3018219
0.0003028	-1.008235	0.2586953
0.0003032	-1.008235	0.3018219
0.0003036	-1.008235	0.2586953
0.000304	-1.008235	0.2586953
0.0003044	-1.008235	0.2586953
0.0003048	-1.008235	0.2586953
0.0003052	-1.008235	0.2586953
0.0003056	-1.050199	0.2586953
0.000306	-1.050199	0.2586953
0.0003064	-1.050199	0.2155688
0.0003068	-1.092162	0.2155688
0.0003072	-1.092162	0.2155688
0.0003076	-1.092162	0.2155688
0.000308	-1.092162	0.1724423
0.0003084	-1.092162	0.1724423
0.0003088	-1.092162	0.1724423
0.0003092	-1.092162	0.1724423
0.0003096	-1.134126	0.1724423
0.00031	-1.134126	0.1724423
0.0003104	-1.134126	0.1724423
0.0003108	-1.134126	0.1293158
0.0003112	-1.134126	0.1293158
0.0003116	-1.134126	0.1293158
0.000312	-1.134126	0.1293158
0.0003124	-1.176089	0.08618924
0.0003128	-1.176089	0.08618924
0.0003132	-1.176089	0.08618924
0.0003136	-1.176089	0.1293158
0.000314	-1.176089	0.08618924
0.0003144	-1.176089	0.08618924
0.0003148	-1.218053	0.08618924
0.0003152	-1.176089	0.04306272
0.0003156	-1.218053	0.08618924
0.000316	-1.260016	0.08618924
0.0003164	-1.218053	0.08618924
0.0003168	-1.260016	-6.380677e-05
0.0003172	-1.260016	0.04306272
0.0003176	-1.260016	-6.380677e-05
0.000318	-1.30198	-6.380677e-05
0.0003184	-1.30198	-6.380677e-05
0.0003188	-1.30198	-0.04319033
0.0003192	-1.30198	-6.380677e-05
0.0003196	-1.343943	-6.380677e-05
0.00032	-1.30198	-6.380677e-05
0.0003204	-1.343943	-0.04319033
0.0003208	-1.343943	-0.04319033
0.0003212	-1.343943	-0.04319033
0.0003216	-1.343943	-0.08631685
0.000322	-1.343943	-0.08631685
0.0003224	-1.343943	-0.08631685
0.0003228	-1.343943	-0.08631685
0.0003232	-1.343943	-0.08631685
0.0003236	-1.385907	-0.08631685
0.000324	-1.343943	-0.08631685
0.0003244	-1.343943	-0.08631685
0.0003248	-1.385907	-0.1294434
0.0003252	-1.385907	-0.08631685
0.0003256	-1.385907	-0.1294434
0.000326	-1.385907	-0.1294434
0.0003264	-1.385907	-0.1725699
0.0003268	-1.427871	-0.1294434
0.0003272	-1.427871	-0.1725699
0.0003276	-1.427871	-0.1725699
0.000328	-1.427871	-0.1725699
0.0003284	-1.427871	-0.1725699
0.0003288	-1.427871	-0.1725699
0.0003292	-1.427871	-0.1725699
0.0003296	-1.427871	-0.2156964
0.00033	-1.427871	-0.2156964
0.0003304	-1.469834	-0.2156964
0.0003308	-1.469834	-0.2156964
0.0003312	-1.469834	-0.2156964
0.0003316	-1.469834	-0.2588229
0.000332	-1.469834	-0.2156964
0.0003324	-1.469834	-0.2588229
0.0003328	-1.511798	-0.2588229
0.0003332	-1.511798	-0.2588229
0.0003336	-1.511798	-0.2588229
0.000334	-1.511798	-0.2588229
0.0003344	-1.511798	-0.2588229
0.0003348	-1.511798	-0.3019495
0.0003352	-1.511798	-0.3019495
0.0003356	-1.511798	-0.3019495
0.000336	-1.511798	-0.2588229
0.0003364	-1.553761	-0.3019495
0.0003368	-1.511798	-0.3019495
0.0003372	-1.553761	-0.345076
0.0003376	-1.553761	-0.3019495
0.000338	-1.553761	-0.345076
0.0003384	-1.553761	-0.345076
0.0003388	-1.595725	-0.345076
0.0003392	-1.595725	-0.345076
0.0003396	-1.595725	-0.345076
0.00034	-1.595725	-0.345076
0.0003404	-1.595725	-0.345076
0.0003408	-1.595725	-0.345076
0.0003412	-1.595725	-0.3882025
0.0003416	-1.595725	-0.3882025
0.000342	-1.595725	-0.3882025
0.0003424	-1.595725	-0.3882025
0.0003428	-1.595725	-0.431329
0.0003432	-1.595725	-0.431329
0.0003436	-1.637688	-0.431329
0.000344	-1.637688	-0.431329
0.0003444	-1.637688	-0.431329
0.0003448	-1.637688	-0.431329
0.0003452	-1.637688	-0.431329
0.0003456	-1.679652	-0.4744556
0.000346	-1.679652	-0.4744556
0.0003464	-1.637688	-0.4744556
0.0003468	-1.637688	-0.4744556
0.0003472	-1.637688	-0.5175821
0.0003476	-1.679652	-0.5175821
0.000348	-1.679652	-0.5175821
0.0003484	-1.637688	-0.5175821
0.0003488	-1.679652	-0.5175821
0.0003492	-1.679652	-0.5175821
0.0003496	-1.679652	-0.5175821
0.00035	-1.679652	-0.5175821
0.0003504	-1.679652	-0.5175821
0.0003508	-1.679652	-0.5607086
0.0003512	-1.679652	-0.5607086
0.0003516	-1.679652	-0.5607086
0.000352	-1.679652	-0.5607086
0.0003524	-1.679652	-0.5607086
0.0003528	-1.721615	-0.6038351
0.0003532	-1.721615	-0.5607086
0.0003536	-1.721615	-0.5607086
0.000354	-1.721615	-0.5607086
0.0003544	-1.763579	-0.6038351
0.0003548	-1.721615	-0.6038351
0.0003552	-1.721615	-0.6038351
0.0003556	-1.763579	-0.6038351
0.000356	-1.763579	-0.6038351
0.0003564	-1.763579	-0.6469617
0.0003568	-1.763579	-0.6900882
0.0003572	-1.763579	-0.6469617
0.0003576	-1.763579	-0.6469617
0.000358	-1.805543	-0.6900882
0.0003584	-1.763579	-0.6900882
0.0003588	-1.763579	-0.6900882
0.0003592	-1.763579	-0.6900882
0.0003596	-1.763579	-0.7332147
0.00036	-1.763579	-0.7332147
0.0003604	-1.763579	-0.6900882
0.0003608	-1.763579	-0.7332147
0.0003612	-1.763579	-0.7332147
0.0003616	-1.763579	-0.7332147
0.000362	-1.763579	-0.7332147
0.0003624	-1.763579	-0.7332147
0.0003628	-1.763579	-0.7332147
0.0003632	-1.763579	-0.7332147
0.0003636	-1.763579	-0.7763412
0.000364	-1.763579	-0.7763412
0.0003644	-1.763579	-0.7763412
0.0003648	-1.763579	-0.7763412
0.0003652	-1.805543	-0.7763412
0.0003656	-1.763579	-0.7763412
0.000366	-1.763579	-0.7763412
0.0003664	-1.763579	-0.8194678
0.0003668	-1.805543	-0.7763412
0.0003672	-1.805543	-0.7763412
0.0003676	-1.763579	-0.8194678
0.000368	-1.805543	-0.7763412
0.0003684	-1.805543	-0.8194678
0.0003688	-1.805543	-0.8194678
0.0003692	-1.805543	-0.8194678
0.0003696	-1.805543	-0.8194678
0.00037	-1.805543	-0.8194678
0.0003704	-1.805543	-0.8625943
0.0003708	-1.805543	-0.8625943
0.0003712	-1.805543	-0.8625943
0.0003716	-1.805543	-0.8625943
0.000372	-1.805543	-0.8625943
0.0003724	-1.805543	-0.8625943
0.0003728	-1.847506	-0.8625943
0.0003732	-1.805543	-0.9057208
0.0003736	-1.805543	-0.8625943
0.000374	-1.847506	-0.8625943
0.0003744	-1.805543	-0.9057208
0.0003748	-1.805543	-0.9057208
0.0003752	-1.805543	-0.9057208
0.0003756	-1.805543	-0.9057208
0.000376	-1.805543	-0.9488473
0.0003764	-1.805543	-0.9488473
0.0003768	-1.805543	-0.9488473
0.0003772	-1.805543	-0.9488473
0.0003776	-1.847506	-0.9919738
0.000378	-1.847506	-0.9488473
0.0003784	-1.805543	-0.9488473
0.0003788	-1.805543	-0.9488473
0.0003792	-1.847506	-0.9919738
0.0003796	-1.847506	-0.9488473
0.00038	-1.847506	-0.9488473
0.0003804	-1.805543	-0.9919738
0.0003808	-1.805543	-0.9919738
0.0003812	-1.805543	-1.0351
0.0003816	-1.805543	-0.9919738
0.000382	-1.847506	-1.0351
0.0003824	-1.805543	-0.9919738
0.0003828	-1.805543	-0.9919738
0.0003832	-1.805543	-1.0351
0.0003836	-1.805543	-1.0351
0.000384	-1.805543	-1.0351
0.0003844	-1.805543	-1.0351
0.0003848	-1.805543	-1.0351
0.0003852	-1.847506	-1.0351
0.0003856	-1.805543	-1.0351
0.000386	-1.805543	-1.0351
0.0003864	-1.847506	-1.0351
0.0003868	-1.805543	-1.078227
0.0003872	-1.805543	-1.0351
0.0003876	-1.805543	-1.078227
0.000388	-1.805543	-1.078227
0.0003884	-1.805543	-1.078227
0.0003888	-1.805543	-1.078227
0.0003892	-1.805543	-1.078227
0.0003896	-1.805543	-1.078227
0.00039	-1.763579	-1.078227
0.0003904	-1.805543	-1.121353
0.0003908	-1.805543	-1.121353
0.0003912	-1.763579	-1.121353
0.0003916	-1.763579	-1.121353
0.000392	-1.805543	-1.121353
0.0003924	-1.805543	-1.121353
0.0003928	-1.763579	-1.121353
0.0003932	-1.763579	-1.121353
0.0003936	-1.805543	-1.121353
0.000394	-1.763579	-1.121353
0.0003944	-1.763579	-1.121353
0.0003948	-1.763579	-1.121353
0.0003952	-1.763579	-1.121353
0.0003956	-1.763579	-1.121353
0.000396	-1.763579	-1.16448
0.0003964	-1.763579	-1.16448
0.0003968	-1.721615	-1.121353
0.0003972	-1.763579	-1.121353
0.0003976	-1.763579	-1.16448
0.000398	-1.763579	-1.16448
0.0003984	-1.763579	-1.16448
0.0003988	-1.763579	-1.16448
0.0003992	-1.763579	-1.16448
0.0003996	-1.763579	-1.16448
0.0004	-1.763579	-1.207606
0.0004004	-1.763579	-1.207606
0.0004008	-1.763579	-1.121353
0.0004012	-1.763579	-1.207606
0.0004016	-1.763579	-1.207606
0.000402	-1.763579	-1.250733
0.0004024	-1.721615	-1.207606
0.0004028	-1.679652	-1.207606
0.0004032	-1.679652	-1.207606
0.0004036	-1.679652	-1.207606
0.000404	-1.679652	-1.207606
0.0004044	-1.679652	-1.207606
0.0004048	-1.679652	-1.207606
0.0004052	-1.679652	-1.207606
0.0004056	-1.679652	-1.29386
0.000406	-1.679652	-1.207606
0.0004064	-1.679652	-1.250733
0.0004068	-1.679652	-1.250733
0.0004072	-1.637688	-1.250733
0.0004076	-1.679652	-1.250733
0.000408	-1.679652	-1.250733
0.0004084	-1.679652	-1.250733
0.0004088	-1.679652	-1.250733
0.0004092	-1.637688	-1.250733
0.0004096	-1.637688	-1.250733
0.00041	-1.637688	-1.250733
0.0004104	-1.637688	-1.29386
0.0004108	-1.637688	-1.29386
0.0004112	-1.679652	-1.250733
0.0004116	-1.637688	-1.29386
0.000412	-1.637688	-1.29386
0.0004124	-1.637688	-1.250733
0.0004128	-1.595725	-1.250733
0.0004132	-1.637688	-1.29386
0.0004136	-1.595725	-1.29386
0.000414	-1.637688	-1.29386
0.0004144	-1.595725	-1.29386
0.0004148	-1.595725	-1.29386
0.0004152	-1.595725	-1.29386
0.0004156	-1.595725	-1.29386
0.000416	-1.595725	-1.29386
0.0004164	-1.595725	-1.336986
0.0004168	-1.595725	-1.29386
0.0004172	-1.553761	-1.29386
0.0004176	-1.553761	-1.29386
0.000418	-1.553761	-1.29386
0.0004184	-1.553761	-1.29386
0.0004188	-1.511798	-1.29386
0.0004192	-1.553761	-1.29386
0.0004196	-1.511798	-1.29386
0.00042	-1.553761	-1.380113
0.0004204	-1.511798	-1.336986
0.0004208	-1.511798	-1.29386
0.0004212	-1.511798	-1.29386
0.0004216	-1.511798	-1.336986
0.000422	-1.511798	-1.29386
0.0004224	-1.511798	-1.380113
0.0004228	-1.511798	-1.336986
0.0004232	-1.511798	-1.29386
0.0004236	-1.511798	-1.29386
0.000424	-1.511798	-1.29386
0.0004244	-1.511798	-1.29386
0.0004248	-1.511798	-1.380113
0.0004252	-1.469834	-1.336986
0.0004256	-1.469834	-1.336986
0.000426	-1.469834	-1.29386
0.0004264	-1.469834	-1.336986
0.0004268	-1.469834	-1.380113
0.0004272	-1.469834	-1.336986
0.0004276	-1.427871	-1.336986
0.000428	-1.427871	-1.336986
0.0004284	-1.427871	-1.336986
0.0004288	-1.427871	-1.336986
0.0004292	-1.427871	-1.380113
0.0004296	-1.385907	-1.336986
0.00043	-1.385907	-1.29386
0.0004304	-1.427871	-1.380113
0.0004308	-1.385907	-1.336986
0.0004312	-1.385907	-1.336986
0.0004316	-1.385907	-1.336986
0.000432	-1.385907	-1.336986
0.0004324	-1.385907	-1.380113
0.0004328	-1.343943	-1.336986
0.0004332	-1.343943	-1.336986
0.0004336	-1.385907	-1.336986
0.000434	-1.343943	-1.380113
0.0004344	-1.343943	-1.380113
0.0004348	-1.343943	-1.380113
0.0004352	-1.343943	-1.336986
0.0004356	-1.343943	-1.336986
0.000436	-1.343943	-1.336986
0.0004364	-1.343943	-1.380113
0.0004368	-1.30198	-1.380113
0.0004372	-1.30198	-1.336986
0.0004376	-1.30198	-1.336986
0.000438	-1.30198	-1.380113
0.0004384	-1.30198	-1.380113
0.0004388	-1.260016	-1.380113
0.0004392	-1.30198	-1.336986
0.0004396	-1.260016	-1.336986
0.00044	-1.260016	-1.336986
0.0004404	-1.260016	-1.336986
0.0004408	-1.260016	-1.380113
0.0004412	-1.218053	-1.380113
0.0004416	-1.218053	-1.336986
0.000442	-1.218053	-1.380113
0.0004424	-1.218053	-1.336986
0.0004428	-1.218053	-1.336986
0.0004432	-1.218053	-1.336986
0.0004436	-1.176089	-1.336986
0.000444	-1.176089	-1.336986
0.0004444	-1.176089	-1.423239
0.0004448	-1.176089	-1.336986
0.0004452	-1.176089	-1.29386
0.0004456	-1.134126	-1.29386
0.000446	-1.134126	-1.29386
0.0004464	-1.134126	-1.336986
0.0004468	-1.134126	-1.29386
0.0004472	-1.134126	-1.336986
0.0004476	-1.134126	-1.336986
0.000448	-1.134126	-1.29386
0.0004484	-1.092162	-1.336986
0.0004488	-1.092162	-1.336986
0.0004492	-1.092162	-1.336986
0.0004496	-1.092162	-1.336986
0.00045	-1.050199	-1.336986
0.0004504	-1.092162	-1.336986
0.0004508	-1.050199	-1.29386
0.0004512	-1.050199	-1.29386
0.0004516	-1.050199	-1.29386
0.000452	-1.050199	-1.336986
0.0004524	-1.008235	-1.29386
0.0004528	-1.008235	-1.29386
0.0004532	-1.008235	-1.336986
0.0004536	-1.008235	-1.29386
0.000454	-1.008235	-1.29386
0.0004544	-0.9662716	-1.29386
0.0004548	-0.9662716	-1.29386
0.0004552	-0.9662716	-1.336986
0.0004556	-0.9662716	-1.29386
0.000456	-0.9662716	-1.29386
0.0004564	-0.9662716	-1.336986
0.0004568	-0.9662716	-1.29386
0.0004572	-0.924308	-1.29386
0.0004576	-0.924308	-1.29386
0.000458	-0.924308	-1.29386
0.0004584	-0.924308	-1.29386
0.0004588	-0.924308	-1.336986
0.0004592	-0.8823445	-1.29386
0.0004596	-0.8823445	-1.29386
0.00046	-0.8823445	-1.250733
0.0004604	-0.8403809	-1.29386
0.0004608	-0.8403809	-1.29386
0.0004612	-0.8403809	-1.29386
0.0004616	-0.8403809	-1.29386
0.000462	-0.8403809	-1.29386
0.0004624	-0.7984174	-1.250733
0.0004628	-0.8403809	-1.29386
0.0004632	-0.8403809	-1.250733
0.0004636	-0.7984174	-1.29386
0.000464	-0.7984174	-1.250733
0.0004644	-0.7984174	-1.29386
0.0004648	-0.7564538	-1.250733
0.0004652	-0.7564538	-1.29386
0.0004656	-0.7564538	-1.250733
0.000466	-0.7564538	-1.250733
0.0004664	-0.7144903	-1.250733
0.0004668	-0.7564538	-1.29386
0.0004672	-0.7144903	-1.250733
0.0004676	-0.7564538	-1.250733
0.000468	-0.7144903	-1.250733
0.0004684	-0.7564538	-1.207606
0.0004688	-0.6725267	-1.250733
0.0004692	-0.6725267	-1.250733
0.0004696	-0.6725267	-1.207606
0.00047	-0.6725267	-1.250733
0.0004704	-0.6725267	-1.250733
0.0004708	-0.6305632	-1.250733
0.0004712	-0.6305632	-1.207606
0.0004716	-0.6305632	-1.207606
0.000472	-0.6305632	-1.207606
0.0004724	-0.6305632	-1.207606
0.0004728	-0.6305632	-1.207606
0.0004732	-0.5885996	-1.207606
0.0004736	-0.6305632	-1.207606
0.000474	-0.5885996	-1.207606
0.0004744	-0.5885996	-1.16448
0.0004748	-0.5466361	-1.207606
0.0004752	-0.5466361	-1.207606
0.0004756	-0.5466361	-1.16448
0.000476	-0.5466361	-1.121353
0.0004764	-0.5466361	-1.16448
0.0004768	-0.5046725	-1.16448
0.0004772	-0.5046725	-1.16448
0.0004776	-0.5046725	-1.16448
0.000478	-0.5046725	-1.16448
0.0004784	-0.5046725	-1.16448
0.0004788	-0.5046725	-1.121353
0.0004792	-0.5046725	-1.16448
0.0004796	-0.462709	-1.16448
0.00048	-0.462709	-1.16448
0.0004804	-0.462709	-1.16448
0.0004808	-0.4207454	-1.121353
0.0004812	-0.4207454	-1.121353
0.0004816	-0.4207454	-1.121353
0.000482	-0.4207454	-1.121353
0.0004824	-0.4207454	-1.121353
0.0004828	-0.3787819	-1.121353
0.0004832	-0.3368183	-1.121353
0.0004836	-0.3368183	-1.121353
0.000484	-0.3368183	-1.121353
0.0004844	-0.3368183	-1.16448
0.0004848	-0.3368183	-1.121353
0.0004852	-0.3368183	-1.121353
0.0004856	-0.2948548	-1.078227
0.000486	-0.3368183	-1.078227
0.0004864	-0.2948548	-1.078227
0.0004868	-0.2948548	-1.078227
0.0004872	-0.2948548	-1.078227
0.0004876	-0.2948548	-1.078227
0.000488	-0.2528913	-1.078227
0.0004884	-0.2528913	-1.078227
0.0004888	-0.2528913	-1.078227
0.0004892	-0.2109277	-1.0351
0.0004896	-0.2109277	-1.0351
0.00049	-0.2109277	-1.078227
0.0004904	-0.2109277	-1.078227
0.0004908	-0.2109277	-1.0351
0.0004912	-0.1689642	-1.0351
0.0004916	-0.1689642	-1.0351
0.000492	-0.1689642	-1.0351
0.0004924	-0.1689642	-1.0351
0.0004928	-0.1689642	-1.0351
0.0004932	-0.1689642	-1.0351
0.0004936	-0.1270006	-0.9919738
0.000494	-0.1270006	-0.9919738
0.0004944	-0.1270006	-1.0351
0.0004948	-0.1270006	-0.9488473
0.0004952	-0.08503706	-0.9919738
0.0004956	-0.08503706	-0.9488473
0.000496	-0.08503706	-0.9488473
0.0004964	-0.08503706	-0.9488473
0.0004968	-0.04307352	-0.9488473
0.0004972	-0.04307352	-0.9919738
0.0004976	-0.04307352	-0.9488473
0.000498	-0.04307352	-0.9488473
0.0004984	-0.001109969	-0.9488473
0.0004988	-0.001109969	-0.9488473
0.0004992	-0.001109969	-0.9488473
0.0004996	-0.001109969	-0.9488473
0.0005	-0.001109969	-0.9488473
0.0005004	-0.001109969	-0.9057208
0.0005008	0.04085358	-0.9057208
0.0005012	0.04085358	-0.9057208
0.0005016	0.04085358	-0.9057208
0.000502	0.04085358	-0.9057208
0.0005024	0.08281713	-0.9057208
0.0005028	0.04085358	-0.9488473
0.0005032	0.08281713	-0.8625943
0.0005036	0.1247807	-0.9057208
0.000504	0.08281713	-0.9488473
0.0005044	0.1247807	-0.8625943
0.0005048	0.1667442	-0.8194678
0.0005052	0.1667442	-0.8625943
0.0005056	0.1247807	-0.8625943
0.000506	0.1667442	-0.8625943
0.0005064	0.1667442	-0.8194678
0.0005068	0.1667442	-0.8625943
0.0005072	0.1667442	-0.8194678
0.0005076	0.1667442	-0.8194678
0.000508	0.2087078	-0.8194678
0.0005084	0.2087078	-0.7763412
0.0005088	0.2087078	-0.7763412
0.0005092	0.2087078	-0.7763412
0.0005096	0.2506713	-0.7763412
0.00051	0.2506713	-0.7763412
0.0005104	0.2506713	-0.7763412
0.0005108	0.2506713	-0.7763412
0.0005112	0.2926349	-0.7763412
0.0005116	0.2926349	-0.7763412
0.000512	0.2926349	-0.7763412
0.0005124	0.3345984	-0.7332147
0.0005128	0.3345984	-0.7763412
0.0005132	0.3345984	-0.7332147
0.0005136	0.3345984	-0.6900882
0.000514	0.3345984	-0.7332147
0.0005144	0.3345984	-0.7332147
0.0005148	0.376562	-0.6900882
0.0005152	0.376562	-0.6469617
0.0005156	0.376562	-0.6900882
0.000516	0.376562	-0.6900882
0.0005164	0.4185255	-0.6900882
0.0005168	0.4185255	-0.6900882
0.0005172	0.4185255	-0.6469617
0.0005176	0.376562	-0.6900882
0.000518	0.4185255	-0.6469617
0.0005184	0.4604891	-0.6469617
0.0005188	0.4604891	-0.6469617
0.0005192	0.4604891	-0.6038351
0.0005196	0.5024526	-0.6469617
0.00052	0.5024526	-0.6038351
0.0005204	0.5024526	-0.6038351
0.0005208	0.5024526	-0.6038351
0.0005212	0.5024526	-0.6038351
0.0005216	0.5024526	-0.6038351
0.000522	0.5444161	-0.6038351
0.0005224	0.5444161	-0.6469617
0.0005228	0.5444161	-0.6038351
0.0005232	0.5444161	-0.6038351
0.0005236	0.5444161	-0.6038351
0.000524	0.5444161	-0.5607086
0.0005244	0.5444161	-0.5607086
0.0005248	0.5863797	-0.5607086
0.0005252	0.5863797	-0.5607086
0.0005256	0.5863797	-0.5175821
0.000526	0.5863797	-0.5607086
0.0005264	0.6283432	-0.5175821
0.0005268	0.6283432	-0.5175821
0.0005272	0.6283432	-0.5175821
0.0005276	0.6283432	-0.5175821
0.000528	0.6703068	-0.4744556
0.0005284	0.6703068	-0.4744556
0.0005288	0.6703068	-0.5175821
0.0005292	0.6703068	-0.4744556
0.0005296	0.7122703	-0.4744556
0.00053	0.7122703	-0.431329
0.0005304	0.7122703	-0.4744556
0.0005308	0.7122703	-0.431329
0.0005312	0.7122703	-0.431329
0.0005316	0.7542339	-0.431329
0.000532	0.7542339	-0.431329
0.0005324	0.7542339	-0.431329
0.0005328	0.7542339	-0.431329
0.0005332	0.7961974	-0.431329
0.0005336	0.7961974	-0.431329
0.000534	0.7961974	-0.431329
0.0005344	0.7961974	-0.3882025
0.0005348	0.7961974	-0.345076
0.0005352	0.838161	-0.3882025
0.0005356	0.838161	-0.3882025
0.000536	0.838161	-0.3882025
0.0005364	0.838161	-0.345076
0.0005368	0.838161	-0.345076
0.0005372	0.838161	-0.3882025
0.0005376	0.838161	-0.345076
0.000538	0.8801245	-0.3019495
0.0005384	0.8801245	-0.345076
0.0005388	0.8801245	-0.3019495
0.0005392	0.8801245	-0.345076
0.0005396	0.8801245	-0.3019495
0.00054	0.8801245	-0.3019495
0.0005404	0.9220881	-0.3019495
0.0005408	0.9220881	-0.2588229
0.0005412	0.9220881	-0.2588229
0.0005416	0.9220881	-0.3019495
0.000542	0.9220881	-0.3019495
0.0005424	0.9640516	-0.2588229
0.0005428	0.9640516	-0.2588229
0.0005432	1.006015	-0.3019495
0.0005436	1.006015	-0.2588229
0.000544	1.006015	-0.2156964
0.0005444	1.006015	-0.2588229
0.0005448	1.006015	-0.2588229
0.0005452	1.047979	-0.2588229
0.0005456	1.047979	-0.2156964
0.000546	1.047979	-0.2156964
0.0005464	1.047979	-0.1725699
0.0005468	1.047979	-0.2156964
0.0005472	1.047979	-0.1725699
0.0005476	1.089942	-0.2156964
0.000548	1.047979	-0.1725699
0.0005484	1.089942	-0.1725699
0.0005488	1.089942	-0.1294434
0.0005492	1.089942	-0.1294434
0.0005496	1.089942	-0.1294434
0.00055	1.089942	-0.1294434
0.0005504	1.131906	-0.1294434
0.0005508	1.089942	-0.1294434
0.0005512	1.131906	-0.08631685
0.0005516	1.131906	-0.08631685
0.000552	1.131906	-0.08631685
0.0005524	1.173869	-0.08631685
0.0005528	1.173869	-0.08631685
0.0005532	1.173869	-0.08631685
0.0005536	1.173869	-0.08631685
0.000554	1.173869	-0.08631685
0.0005544	1.173869	-6.380677e-05
0.0005548	1.215833	-0.04319033
0.0005552	1.215833	-0.08631685
0.0005556	1.215833	-0.04319033
0.000556	1.215833	-0.04319033
0.0005564	1.215833	-6.380677e-05
0.0005568	1.257796	-0.04319033
0.0005572	1.257796	-6.380677e-05
0.0005576	1.257796	-0.04319033
0.000558	1.215833	-6.380677e-05
0.0005584	1.257796	-6.380677e-05
0.0005588	1.257796	-6.380677e-05
0.0005592	1.257796	0.04306272
0.0005596	1.29976	-6.380677e-05
0.00056	1.29976	0.04306272
0.0005604	1.29976	0.04306272
0.0005608	1.29976	0.04306272
0.0005612	1.29976	0.08618924
0.0005616	1.341724	-6.380677e-05
0.000562	1.341724	0.08618924
0.0005624	1.341724	0.08618924
0.0005628	1.341724	0.04306272
0.0005632	1.341724	0.1293158
0.0005636	1.341724	0.08618924
0.000564	1.341724	0.08618924
0.0005644	1.341724	0.1293158
0.0005648	1.341724	0.1293158
0.0005652	1.383687	0.08618924
0.0005656	1.383687	0.1293158
0.000566	1.383687	0.1293158
0.0005664	1.383687	0.1293158
0.0005668	1.383687	0.1724423
0.0005672	1.425651	0.1724423
0.0005676	1.383687	0.1724423
0.000568	1.383687	0.2155688
0.0005684	1.425651	0.2155688
0.0005688	1.425651	0.1724423
0.0005692	1.425651	0.2155688
0.0005696	1.425651	0.2155688
0.00057	1.425651	0.2155688
0.0005704	1.467614	0.2586953
0.0005708	1.425651	0.2586953
0.0005712	1.467614	0.2586953
0.0005716	1.425651	0.2586953
0.000572	1.467614	0.2586953
0.0005724	1.509578	0.2586953
0.0005728	1.467614	0.2586953
0.0005732	1.509578	0.2586953
0.0005736	1.467614	0.2586953
0.000574	1.509578	0.2586953
0.0005744	1.509578	0.3018219
0.0005748	1.509578	0.3018219
0.0005752	1.551541	0.3018219
0.0005756	1.509578	0.3018219
0.000576	1.551541	0.3449484
0.0005764	1.551541	0.3449484
0.0005768	1.551541	0.3449484
0.0005772	1.551541	0.3449484
0.0005776	1.551541	0.4312014
0.000578	1.551541	0.3880749
0.0005784	1.551541	0.3880749
0.0005788	1.593505	0.3018219
0.0005792	1.593505	0.3880749
0.0005796	1.593505	0.3880749
0.00058	1.593505	0.3880749
0.0005804	1.593505	0.4312014
0.0005808	1.593505	0.3880749
0.0005812	1.593505	0.4312014
0.0005816	1.593505	0.4312014
0.000582	1.635468	0.4312014
0.0005824	1.635468	0.474328
0.0005828	1.635468	0.474328
0.0005832	1.635468	0.474328
0.0005836	1.635468	0.4312014
0.000584	1.635468	0.5174545
0.0005844	1.593505	0.5174545
0.0005848	1.635468	0.474328
0.0005852	1.635468	0.474328
0.0005856	1.635468	0.474328
0.000586	1.635468	0.5174545
0.0005864	1.635468	0.4312014
0.0005868	1.677432	0.5174545
0.0005872	1.635468	0.5174545
0.0005876	1.677432	0.560581
0.000588	1.677432	0.5174545
0.0005884	1.677432	0.560581
0.0005888	1.677432	0.560581
0.0005892	1.677432	0.560581
0.0005896	1.677432	0.560581
0.00059	1.677432	0.5174545
0.0005904	1.677432	0.560581
0.0005908	1.677432	0.560581
0.0005912	1.677432	0.560581
0.0005916	1.677432	0.6037075
0.000592	1.719395	0.6037075
0.0005924	1.719395	0.6037075
0.0005928	1.719395	0.6037075
0.0005932	1.719395	0.6037075
0.0005936	1.719395	0.6037075
0.000594	1.719395	0.6037075
0.0005944	1.719395	0.646834
0.0005948	1.719395	0.646834
0.0005952	1.719395	0.646834
0.0005956	1.719395	0.646834
0.000596	1.719395	0.646834
0.0005964	1.719395	0.646834
0.0005968	1.719395	0.646834
0.0005972	1.719395	0.6899606
0.0005976	1.719395	0.646834
0.000598	1.719395	0.6899606
0.0005984	1.719395	0.646834
0.0005988	1.719395	0.646834
0.0005992	1.761359	0.6899606
0.0005996	1.761359	0.6899606
0.0006	1.761359	0.6899606
0.0006004	1.719395	0.6899606
0.0006008	1.719395	0.6899606
0.0006012	1.719395	0.6899606
0.0006016	1.761359	0.7330871
0.000602	1.761359	0.6899606
0.0006024	1.761359	0.7762136
0.0006028	1.761359	0.7330871
0.0006032	1.761359	0.7330871
0.0006036	1.761359	0.7762136
0.000604	1.761359	0.7762136
0.0006044	1.761359	0.7762136
0.0006048	1.761359	0.7762136
0.0006052	1.761359	0.7762136
0.0006056	1.803323	0.7762136
0.000606	1.803323	0.7762136
0.0006064	1.803323	0.8193401
0.0006068	1.803323	0.8193401
0.0006072	1.803323	0.8193401
0.0006076	1.761359	0.8193401
0.000608	1.803323	0.8193401
0.0006084	1.803323	0.8624667
0.0006088	1.761359	0.8624667
0.0006092	1.803323	0.8624667
0.0006096	1.803323	0.8624667
0.00061	1.761359	0.8624667
0.0006104	1.803323	0.8624667
0.0006108	1.803323	0.8624667
0.0006112	1.761359	0.8624667
0.0006116	1.803323	0.9055932
0.000612	1.803323	0.9055932
0.0006124	1.803323	0.9487197
0.0006128	1.803323	0.8624667
0.0006132	1.803323	0.9055932
0.0006136	1.803323	0.9055932
0.000614	1.761359	0.9055932
0.0006144	1.803323	0.9055932
0.0006148	1.803323	0.9487197
0.0006152	1.761359	0.9487197
0.0006156	1.803323	0.9487197
0.000616	1.803323	0.9487197
0.0006164	1.761359	0.9487197
0.0006168	1.803323	0.9487197
0.0006172	1.761359	0.9918462
0.0006176	1.803323	0.9487197
0.000618	1.803323	0.9487197
0.0006184	1.761359	0.9055932
0.0006188	1.803323	0.9918462
0.0006192	1.803323	0.9487197
0.0006196	1.761359	0.9487197
0.00062	1.761359	0.9487197
0.0006204	1.803323	0.9918462
0.0006208	1.803323	0.9918462
0.0006212	1.761359	0.9918462
0.0006216	1.803323	0.9918462
0.000622	1.803323	0.9918462
0.0006224	1.803323	1.034973
0.0006228	1.761359	1.034973
0.0006232	1.761359	0.9918462
0.0006236	1.803323	1.078099
0.000624	1.803323	1.034973
0.0006244	1.803323	1.034973
0.0006248	1.803323	1.034973
0.0006252	1.761359	1.034973
0.0006256	1.803323	1.078099
0.000626	1.761359	0.9918462
0.0006264	1.803323	1.078099
0.0006268	1.803323	1.034973
0.0006272	1.761359	1.078099
0.0006276	1.803323	1.078099
0.000628	1.761359	1.078099
0.0006284	1.761359	1.078099
0.0006288	1.761359	1.121226
0.0006292	1.761359	1.078099
0.0006296	1.803323	1.078099
0.00063	1.761359	1.078099
0.0006304	1.761359	1.121226
0.0006308	1.761359	1.078099
0.0006312	1.761359	1.121226
0.0006316	1.761359	1.121226
0.000632	1.803323	1.164352
0.0006324	1.761359	1.121226
0.0006328	1.761359	1.121226
0.0006332	1.761359	1.121226
0.0006336	1.761359	1.121226
0.000634	1.761359	1.121226
0.0006344	1.719395	1.164352
0.0006348	1.719395	1.164352
0.0006352	1.761359	1.164352
0.0006356	1.761359	1.164352
0.000636	1.761359	1.164352
0.0006364	1.761359	1.164352
0.0006368	1.761359	1.164352
0.0006372	1.719395	1.121226
0.0006376	1.761359	1.164352
0.000638	1.719395	1.164352
0.0006384	1.719395	1.121226
0.0006388	1.719395	1.164352
0.0006392	1.719395	1.207479
0.0006396	1.719395	1.207479
0.00064	1.719395	1.207479
0.0006404	1.719395	1.164352
0.0006408	1.677432	1.164352
0.0006412	1.719395	1.207479
0.0006416	1.719395	1.207479
0.000642	1.719395	1.207479
0.0006424	1.719395	1.207479
0.0006428	1.677432	1.207479
0.0006432	1.677432	1.207479
0.0006436	1.719395	1.207479
0.000644	1.719395	1.207479
0.0006444	1.677432	1.207479
0.0006448	1.677432	1.207479
0.0006452	1.677432	1.207479
0.0006456	1.677432	1.250605
0.000646	1.677432	1.250605
0.0006464	1.677432	1.250605
0.0006468	1.677432	1.250605
0.0006472	1.677432	1.250605
0.0006476	1.677432	1.250605
0.000648	1.677432	1.250605
0.0006484	1.677432	1.250605
0.0006488	1.677432	1.250605
0.0006492	1.635468	1.293732
0.0006496	1.677432	1.250605
0.00065	1.635468	1.293732
0.0006504	1.677432	1.250605
0.0006508	1.635468	1.250605
0.0006512	1.635468	1.250605
0.0006516	1.635468	1.250605
0.000652	1.635468	1.293732
0.0006524	1.635468	1.250605
0.0006528	1.635468	1.293732
0.0006532	1.635468	1.250605
0.0006536	1.635468	1.293732
0.000654	1.635468	1.293732
0.0006544	1.593505	1.293732
0.0006548	1.593505	1.293732
0.0006552	1.593505	1.293732
0.0006556	1.593505	1.293732
0.000656	1.593505	1.293732
0.0006564	1.593505	1.293732
0.0006568	1.593505	1.336858
0.0006572	1.551541	1.293732
0.0006576	1.593505	1.293732
0.000658	1.551541	1.250605
0.0006584	1.551541	1.293732
0.0006588	1.551541	1.293732
0.0006592	1.509578	1.293732
0.0006596	1.509578	1.293732
0.00066	1.551541	1.293732
0.0006604	1.551541	1.293732
0.0006608	1.551541	1.293732
0.0006612	1.551541	1.293732
0.0006616	1.509578	1.293732
0.000662	1.509578	1.336858
0.0006624	1.509578	1.293732
0.0006628	1.509578	1.336858
0.0006632	1.509578	1.336858
0.0006636	1.509578	1.293732
0.000664	1.467614	1.336858
0.0006644	1.467614	1.293732
0.0006648	1.509578	1.293732
0.0006652	1.467614	1.336858
0.0006656	1.467614	1.293732
0.000666	1.467614	1.336858
0.0006664	1.467614	1.336858
0.0006668	1.425651	1.336858
0.0006672	1.425651	1.336858
0.0006676	1.425651	1.336858
0.000668	1.425651	1.336858
0.0006684	1.383687	1.293732
0.0006688	1.425651	1.336858
0.0006692	1.383687	1.293732
0.0006696	1.425651	1.336858
0.00067	1.383687	1.293732
0.0006704	1.383687	1.293732
0.0006708	1.383687	1.336858
0.0006712	1.383687	1.336858
0.0006716	1.383687	1.336858
0.000672	1.383687	1.336858
0.0006724	1.341724	1.336858
0.0006728	1.341724	1.336858
0.0006732	1.341724	1.336858
0.0006736	1.341724	1.379985
0.000674	1.341724	1.336858
0.0006744	1.341724	1.379985
0.0006748	1.341724	1.336858
0.0006752	1.29976	1.336858
0.0006756	1.29976	1.336858
0.000676	1.341724	1.336858
0.0006764	1.29976	1.379985
0.0006768	1.29976	1.293732
0.0006772	1.257796	1.336858
0.0006776	1.29976	1.379985
0.000678	1.257796	1.336858
0.0006784	1.257796	1.336858
0.0006788	1.257796	1.336858
0.0006792	1.257796	1.336858
0.0006796	1.215833	1.336858
0.00068	1.257796	1.336858
0.0006804	1.215833	1.423111
0.0006808	1.257796	1.336858
0.0006812	1.215833	1.336858
0.0006816	1.257796	1.336858
0.000682	1.215833	1.336858
0.0006824	1.215833	1.336858
0.0006828	1.173869	1.293732
0.0006832	1.215833	1.293732
0.0006836	1.173869	1.336858
0.000684	1.173869	1.336858
0.0006844	1.173869	1.336858
0.0006848	1.173869	1.293732
0.0006852	1.173869	1.336858
0.0006856	1.173869	1.293732
0.000686	1.173869	1.293732
0.0006864	1.173869	1.293732
0.0006868	1.131906	1.293732
0.0006872	1.089942	1.293732
0.0006876	1.089942	1.293732
0.000688	1.089942	1.336858
0.0006884	1.089942	1.336858
0.0006888	1.089942	1.293732
0.0006892	1.047979	1.293732
0.0006896	1.089942	1.336858
0.00069	1.047979	1.336858
0.0006904	1.047979	1.379985
0.0006908	1.047979	1.336858
0.0006912	1.047979	1.336858
0.0006916	1.047979	1.336858
0.000692	1.047979	1.336858
0.0006924	1.006015	1.293732
0.0006928	1.006015	1.293732
0.0006932	1.006015	1.293732
0.0006936	1.006015	1.336858
0.000694	1.006015	1.293732
0.0006944	1.006015	1.293732
0.0006948	0.9640516	1.336858
0.0006952	0.9640516	1.336858
0.0006956	0.9640516	1.293732
0.000696	0.9640516	1.293732
0.0006964	0.9220881	1.293732
0.0006968	0.9220881	1.293732
0.0006972	0.9220881	1.293732
0.0006976	0.9220881	1.293732
0.000698	0.8801245	1.293732
0.0006984	0.8801245	1.293732
0.0006988	0.8801245	1.293732
0.0006992	0.8801245	1.293732
0.0006996	0.838161	1.293732
0.0007	0.8801245	1.250605
0.0007004	0.838161	1.336858
0.0007008	0.838161	1.293732
0.0007012	0.838161	1.293732
0.0007016	0.838161	1.293732
0.000702	0.838161	1.293732
0.0007024	0.838161	1.293732
0.0007028	0.838161	1.293732
0.0007032	0.838161	1.250605
0.0007036	0.7961974	1.250605
0.000704	0.7542339	1.250605
0.0007044	0.7961974	1.250605
0.0007048	0.7542339	1.250605
0.0007052	0.7542339	1.250605
0.0007056	0.7542339	1.250605
0.000706	0.7542339	1.250605
0.0007064	0.7542339	1.293732
0.0007068	0.7122703	1.207479
0.0007072	0.6703068	1.250605
0.0007076	0.6703068	1.250605
0.000708	0.6703068	1.250605
0.0007084	0.6703068	1.250605
0.0007088	0.6703068	1.207479
0.0007092	0.6703068	1.250605
0.0007096	0.6703068	1.207479
0.00071	0.6703068	1.250605
0.0007104	0.6703068	1.293732
0.0007108	0.6283432	1.207479
0.0007112	0.6283432	1.250605
0.0007116	0.6283432	1.207479
0.000712	0.5863797	1.207479
0.0007124	0.5863797	1.207479
0.0007128	0.5863797	1.207479
0.0007132	0.5863797	1.207479
0.0007136	0.5444161	1.207479
0.000714	0.5863797	1.207479
0.0007144	0.5444161	1.164352
0.0007148	0.5444161	1.164352
0.0007152	0.5444161	1.207479
0.0007156	0.5444161	1.164352
0.000716	0.5444161	1.207479
0.0007164	0.5024526	1.207479
0.0007168	0.5024526	1.121226
0.0007172	0.5024526	1.164352
0.0007176	0.5024526	1.207479
0.000718	0.5024526	1.164352
0.0007184	0.5024526	1.121226
0.0007188	0.4604891	1.164352
0.0007192	0.4185255	1.164352
0.0007196	0.4185255	1.164352
0.00072	0.4185255	1.121226
0.0007204	0.4185255	1.207479
0.0007208	0.4185255	1.121226
0.0007212	0.376562	1.121226
0.0007216	0.4185255	1.164352
0.000722	0.376562	1.121226
0.0007224	0.376562	1.121226
0.0007228	0.376562	1.121226
0.0007232	0.3345984	1.121226
0.0007236	0.3345984	1.121226
0.000724	0.3345984	1.121226
0.0007244	0.3345984	1.121226
0.0007248	0.3345984	1.078099
0.0007252	0.3345984	1.121226
0.0007256	0.2926349	1.078099
0.000726	0.3345984	1.121226
0.0007264	0.2926349	1.078099
0.0007268	0.2926349	1.034973
0.0007272	0.2926349	1.078099
0.0007276	0.2926349	1.121226
0.000728	0.2926349	1.078099
0.0007284	0.2506713	1.078099
0.0007288	0.2506713	1.078099
0.0007292	0.2506713	1.078099
0.0007296	0.2087078	1.078099
0.00073	0.2087078	1.078099
0.0007304	0.1667442	1.121226
0.0007308	0.1667442	1.034973
0.0007312	0.1667442	1.034973
0.0007316	0.1667442	1.034973
0.000732	0.1667442	1.034973
0.0007324	0.1667442	1.034973
0.0007328	0.1247807	1.034973
0.0007332	0.1247807	0.9918462
0.0007336	0.1247807	0.9918462
0.000734	0.1247807	0.9918462
0.0007344	0.08281713	0.9918462
0.0007348	0.08281713	0.9918462
0.0007352	0.08281713	0.9918462
0.0007356	0.08281713	0.9487197
0.000736	0.04085358	0.9918462
0.0007364	0.04085358	0.9918462
0.0007368	0.04085358	0.9055932
0.0007372	0.04085358	0.9487197
0.0007376	-0.001109969	0.9918462
0.000738	-0.001109969	0.9918462
0.0007384	-0.001109969	0.9487197
0.0007388	-0.001109969	0.9487197
0.0007392	-0.001109969	0.9487197
0.0007396	-0.001109969	0.9487197
0.00074	-0.001109969	0.9487197
0.0007404	-0.04307352	0.9918462
0.0007408	-0.04307352	0.9487197
0.0007412	-0.04307352	0.9055932
0.0007416	-0.04307352	0.9487197
0.000742	-0.08503706	0.9055932
0.0007424	-0.08503706	0.9055932
0.0007428	-0.08503706	0.9055932
0.0007432	-0.08503706	0.9055932
0.0007436	-0.1270006	0.8624667
0.000744	-0.1270006	0.8624667
0.0007444	-0.1270006	0.9055932
0.0007448	-0.1689642	0.8624667
0.0007452	-0.1689642	0.8624667
0.0007456	-0.1689642	0.8624667
0.000746	-0.1689642	0.8624667
0.0007464	-0.1689642	0.8624667
0.0007468	-0.2109277	0.8193401
0.0007472	-0.1689642	0.8193401
0.0007476	-0.2109277	0.8193401
0.000748	-0.2109277	0.8193401
0.0007484	-0.2109277	0.8193401
0.0007488	-0.2109277	0.8193401
0.0007492	-0.2528913	0.8193401
0.0007496	-0.2528913	0.8193401
0.00075	-0.2528913	0.7762136
0.0007504	-0.2528913	0.8624667
0.0007508	-0.2948548	0.7762136
0.0007512	-0.2948548	0.7762136
0.0007516	-0.2948548	0.7762136
0.000752	-0.2948548	0.7762136
0.0007524	-0.3368183	0.7762136
0.0007528	-0.3368183	0.7762136
0.0007532	-0.3368183	0.7330871
0.0007536	-0.3787819	0.7762136
0.000754	-0.3368183	0.7762136
0.0007544	-0.3368183	0.7762136
0.0007548	-0.3368183	0.7330871
0.0007552	-0.3787819	0.6899606
0.0007556	-0.4207454	0.6899606
0.000756	-0.4207454	0.7330871
0.0007564	-0.4207454	0.6899606
0.0007568	-0.4207454	0.646834
0.0007572	-0.4207454	0.6899606
0.0007576	-0.462709	0.6899606
0.000758	-0.4207454	0.6899606
0.0007584	-0.462709	0.6899606
0.0007588	-0.5046725	0.646834
0.0007592	-0.462709	0.646834
0.0007596	-0.5046725	0.646834
0.00076	-0.5046725	0.646834
0.0007604	-0.5046725	0.6899606
0.0007608	-0.5046725	0.646834
0.0007612	-0.5046725	0.6037075
0.0007616	-0.5046725	0.646834
0.000762	-0.5046725	0.646834
0.0007624	-0.5466361	0.6037075
0.0007628	-0.5466361	0.6037075
0.0007632	-0.5466361	0.6037075
0.0007636	-0.5466361	0.6037075
0.000764	-0.5885996	0.6037075
0.0007644	-0.6305632	0.6037075
0.0007648	-0.6305632	0.6037075
0.0007652	-0.6305632	0.560581
0.0007656	-0.6305632	0.560581
0.000766	-0.6725267	0.560581
0.0007664	-0.6725267	0.560581
0.0007668	-0.6725267	0.5174545
0.0007672	-0.6725267	0.560581
0.0007676	-0.6725267	0.560581
0.000768	-0.6725267	0.560581
0.0007684	-0.6725267	0.5174545
0.0007688	-0.7144903	0.5174545
0.0007692	-0.7144903	0.5174545
0.0007696	-0.7144903	0.5174545
0.00077	-0.7144903	0.5174545
0.0007704	-0.7144903	0.560581
0.0007708	-0.7564538	0.474328
0.0007712	-0.7564538	0.5174545
0.0007716	-0.7564538	0.474328
0.000772	-0.7984174	0.474328
0.0007724	-0.7984174	0.474328
0.0007728	-0.7984174	0.474328
0.0007732	-0.7984174	0.4312014
0.0007736	-0.7984174	0.474328
0.000774	-0.7984174	0.4312014
0.0007744	-0.8403809	0.3880749
0.0007748	-0.8403809	0.4312014
0.0007752	-0.8403809	0.3880749
0.0007756	-0.8403809	0.3880749
0.000776	-0.8403809	0.3880749
0.0007764	-0.8403809	0.3880749
0.0007768	-0.8403809	0.4312014
0.0007772	-0.8823445	0.3880749
0.0007776	-0.8823445	0.3449484
0.000778	-0.8823445	0.3449484
0.0007784	-0.8823445	0.3449484
0.0007788	-0.924308	0.3449484
0.0007792	-0.8823445	0.3880749
0.0007796	-0.924308	0.3449484
0.00078	-0.924308	0.3449484
0.0007804	-0.924308	0.3449484
0.0007808	-0.924308	0.3018219
0.0007812	-0.9662716	0.3018219
0.0007816	-0.9662716	0.3018219
0.000782	-0.9662716	0.3018219
0.0007824	-1.008235	0.3018219
0.0007828	-1.008235	0.2586953
0.0007832	-1.008235	0.2586953
0.0007836	-1.008235	0.2586953
0.000784	-1.008235	0.2586953
0.0007844	-1.008235	0.2586953
0.0007848	-1.008235	0.2586953
0.0007852	-1.008235	0.2155688
0.0007856	-1.008235	0.2586953
0.000786	-1.050199	0.2586953
0.0007864	-1.050199	0.2155688
0.0007868	-1.050199	0.2586953
0.0007872	-1.092162	0.1724423
0.0007876	-1.092162	0.1724423
0.000788	-1.092162	0.1724423
0.0007884	-1.092162	0.2155688
0.0007888	-1.092162	0.1724423
0.0007892	-1.092162	0.1724423
0.0007896	-1.134126	0.1724423
0.00079	-1.134126	0.1293158
0.0007904	-1.134126	0.1724423
0.0007908	-1.134126	0.1293158
0.0007912	-1.176089	0.1293158
0.0007916	-1.134126	0.1293158
0.000792	-1.176089	0.1293158
0.0007924	-1.176089	0.1293158
0.0007928	-1.176089	0.08618924
0.0007932	-1.176089	0.08618924
0.0007936	-1.176089	0.08618924
0.000794	-1.176089	0.08618924
0.0007944	-1.176089	0.08618924
0.0007948	-1.218053	0.08618924
0.0007952	-1.218053	0.08618924
0.0007956	-1.218053	0.08618924
0.000796	-1.218053	0.04306272
0.0007964	-1.260016	0.08618924
0.0007968	-1.260016	0.04306272
0.0007972	-1.260016	0.04306272
0.0007976	-1.260016	-6.380677e-05
0.000798	-1.30198	-6.380677e-05
0.0007984	-1.30198	-6.380677e-05
0.0007988	-1.30198	-6.380677e-05
0.0007992	-1.30198	-6.380677e-05
0.0007996	-1.30198	-6.380677e-05
0.0008	-1.30198	-6.380677e-05
0.0008004	-1.30198	-0.04319033
0.0008008	-1.30198	-0.04319033
0.0008012	-1.30198	-0.04319033
0.0008016	-1.343943	-0.04319033
0.000802	-1.343943	-0.08631685
0.0008024	-1.343943	-0.08631685
0.0008028	-1.343943	-0.08631685
0.0008032	-1.343943	-0.08631685
0.0008036	-1.343943	-0.08631685
0.000804	-1.385907	-0.08631685
0.0008044	-1.343943	-0.08631685
0.0008048	-1.385907	-0.1294434
0.0008052	-1.385907	-0.1294434
0.0008056	-1.385907	-0.1294434
0.000806	-1.385907	-0.1294434
0.0008064	-1.385907	-0.1294434
0.0008068	-1.385907	-0.1294434
0.0008072	-1.385907	-0.1294434
0.0008076	-1.427871	-0.1725699
0.000808	-1.427871	-0.1725699
0.0008084	-1.427871	-0.1725699
0.0008088	-1.427871	-0.1725699
0.0008092	-1.427871	-0.1725699
0.0008096	-1.427871	-0.1725699
0.00081	-1.427871	-0.1725699
0.0008104	-1.427871	-0.2156964
0.0008108	-1.469834	-0.2588229
0.0008112	-1.469834	-0.2156964
0.0008116	-1.469834	-0.2156964
0.000812	-1.469834	-0.2588229
0.0008124	-1.469834	-0.2588229
0.0008128	-1.469834	-0.2588229
0.0008132	-1.511798	-0.2588229
0.0008136	-1.511798	-0.2588229
0.000814	-1.511798	-0.2588229
0.0008144	-1.511798	-0.2588229
0.0008148	-1.511798	-0.3019495
0.0008152	-1.511798	-0.2588229
0.0008156	-1.511798	-0.3019495
0.000816	-1.511798	-0.3019495
0.0008164	-1.511798	-0.3019495
0.0008168	-1.511798	-0.3019495
0.0008172	-1.511798	-0.3019495
0.0008176	-1.553761	-0.345076
0.000818	-1.553761	-0.345076
0.0008184	-1.553761	-0.345076
0.0008188	-1.553761	-0.345076
0.0008192	-1.553761	-0.345076
0.0008196	-1.553761	-0.3019495
0.00082	-1.553761	-0.3882025
0.0008204	-1.595725	-0.345076
0.0008208	-1.553761	-0.3882025
0.0008212	-1.595725	-0.3882025
0.0008216	-1.595725	-0.3882025
0.000822	-1.595725	-0.3882025
0.0008224	-1.595725	-0.3882025
0.0008228	-1.637688	-0.431329
0.0008232	-1.595725	-0.431329
0.0008236	-1.637688	-0.431329
0.000824	-1.637688	-0.431329
0.0008244	-1.637688	-0.431329
0.0008248	-1.637688	-0.4744556
0.0008252	-1.679652	-0.431329
0.0008256	-1.637688	-0.4744556
0.000826	-1.637688	-0.431329
0.0008264	-1.637688	-0.4744556
0.0008268	-1.637688	-0.431329
0.0008272	-1.679652	-0.4744556
0.0008276	-1.679652	-0.4744556
0.000828	-1.679652	-0.5175821
0.0008284	-1.679652	-0.4744556
0.0008288	-1.679652	-0.5175821
0.0008292	-1.679652	-0.5175821
0.0008296	-1.679652	-0.5175821
0.00083	-1.679652	-0.5175821
0.0008304	-1.679652	-0.5607086
0.0008308	-1.679652	-0.5175821
0.0008312	-1.679652	-0.5607086
0.0008316	-1.679652	-0.5607086
0.000832	-1.679652	-0.5607086
0.0008324	-1.721615	-0.5175821
0.0008328	-1.679652	-0.5607086
0.0008332	-1.721615	-0.5607086
0.0008336	-1.721615	-0.6038351
0.000834	-1.679652	-0.6038351
0.0008344	-1.721615	-0.6038351
0.0008348	-1.721615	-0.6038351
0.0008352	-1.721615	-0.6038351
0.0008356	-1.721615	-0.6038351
0.000836	-1.763579	-0.5607086
0.0008364	-1.763579	-0.6469617
0.0008368	-1.763579	-0.6900882
0.0008372	-1.763579	-0.6469617
0.0008376	-1.763579	-0.6469617
0.000838	-1.763579	-0.6469617
0.0008384	-1.763579	-0.6469617
0.0008388	-1.763579	-0.6900882
0.0008392	-1.763579	-0.6900882
0.0008396	-1.763579	-0.6900882
0.00084	-1.763579	-0.6900882
0.0008404	-1.763579	-0.6900882
0.0008408	-1.763579	-0.6900882
0.0008412	-1.805543	-0.7332147
0.0008416	-1.763579	-0.7332147
0.000842	-1.763579	-0.7332147
0.0008424	-1.763579	-0.7332147
0.0008428	-1.763579	-0.7332147
0.0008432	-1.763579	-0.7332147
0.0008436	-1.763579	-0.7332147
0.000844	-1.763579	-0.7332147
0.0008444	-1.763579	-0.7763412
0.0008448	-1.763579	-0.7763412
0.0008452	-1.763579	-0.7763412
0.0008456	-1.805543	-0.7763412
0.000846	-1.763579	-0.7763412
0.0008464	-1.805543	-0.7332147
0.0008468	-1.805543	-0.8194678
0.0008472	-1.805543	-0.7763412
0.0008476	-1.805543	-0.7763412
0.000848	-1.805543	-0.8194678
0.0008484	-1.805543	-0.8194678
0.0008488	-1.805543	-0.7763412
0.0008492	-1.805543	-0.7763412
0.0008496	-1.805543	-0.8194678
0.00085	-1.805543	-0.8625943
0.0008504	-1.805543	-0.8625943
0.0008508	-1.805543	-0.8194678
0.0008512	-1.805543	-0.9057208
0.0008516	-1.805543	-0.8625943
0.000852	-1.805543	-0.8625943
0.0008524	-1.805543	-0.9057208
0.0008528	-1.805543	-0.8625943
0.0008532	-1.805543	-0.8625943
0.0008536	-1.805543	-0.9057208
0.000854	-1.847506	-0.9057208
0.0008544	-1.805543	-0.9057208
0.0008548	-1.805543	-0.9057208
0.0008552	-1.805543	-0.9488473
0.0008556	-1.805543	-0.9488473
0.000856	-1.805543	-0.9057208
0.0008564	-1.805543	-0.9057208
0.0008568	-1.847506	-0.9488473
0.0008572	-1.805543	-0.9488473
0.0008576	-1.805543	-0.9919738
0.000858	-1.805543	-0.9488473
0.0008584	-1.805543	-0.9488473
0.0008588	-1.805543	-0.9488473
0.0008592	-1.805543	-0.9919738
0.0008596	-1.805543	-0.9919738
0.00086	-1.805543	-0.9488473
0.0008604	-1.805543	-0.9488473
0.0008608	-1.805543	-0.9919738
0.0008612	-1.805543	-0.9919738
0.0008616	-1.847506	-0.9919738
0.000862	-1.805543	-0.9919738
0.0008624	-1.805543	-1.0351
0.0008628	-1.805543	-1.0351
0.0008632	-1.805543	-0.9919738
0.0008636	-1.805543	-0.9919738
0.000864	-1.805543	-1.078227
0.0008644	-1.805543	-0.9919738
0.0008648	-1.805543	-1.0351
0.0008652	-1.805543	-1.0351
0.0008656	-1.805543	-1.0351
0.000866	-1.805543	-1.078227
0.0008664	-1.805543	-1.0351
0.0008668	-1.805543	-1.0351
0.0008672	-1.805543	-1.078227
0.0008676	-1.805543	-1.078227
0.000868	-1.805543	-1.078227
0.0008684	-1.805543	-1.078227
0.0008688	-1.805543	-1.078227
0.0008692	-1.805543	-1.078227
0.0008696	-1.805543	-1.078227
0.00087	-1.805543	-1.078227
0.0008704	-1.805543	-1.078227
0.0008708	-1.805543	-1.078227
0.0008712	-1.805543	-1.078227
0.0008716	-1.763579	-1.078227
0.000872	-1.805543	-1.078227
0.0008724	-1.763579	-1.121353
0.0008728	-1.763579	-1.121353
0.0008732	-1.805543	-1.121353
0.0008736	-1.763579	-1.121353
0.000874	-1.763579	-1.121353
0.0008744	-1.805543	-1.121353
0.0008748	-1.805543	-1.121353
0.0008752	-1.763579	-1.16448
0.0008756	-1.805543	-1.121353
0.000876	-1.763579	-1.121353
0.0008764	-1.763579	-1.121353
0.0008768	-1.805543	-1.121353
0.0008772	-1.763579	-1.16448
0.0008776	-1.763579	-1.121353
0.000878	-1.763579	-1.16448
0.0008784	-1.763579	-1.16448
0.0008788	-1.763579	-1.16448
0.0008792	-1.721615	-1.16448
0.0008796	-1.763579	-1.16448
0.00088	-1.763579	-1.207606
0.0008804	-1.763579	-1.16448
0.0008808	-1.763579	-1.16448
0.0008812	-1.721615	-1.207606
0.0008816	-1.763579	-1.207606
0.000882	-1.721615	-1.16448
0.0008824	-1.721615	-1.207606
0.0008828	-1.721615	-1.16448
0.0008832	-1.679652	-1.207606
0.0008836	-1.721615	-1.16448
0.000884	-1.721615	-1.207606
0.0008844	-1.679652	-1.207606
0.0008848	-1.721615	-1.207606
0.0008852	-1.679652	-1.207606
0.0008856	-1.679652	-1.207606
0.000886	-1.679652	-1.207606
0.0008864	-1.679652	-1.207606
0.0008868	-1.679652	-1.250733
0.0008872	-1.679652	-1.207606
0.0008876	-1.679652	-1.207606
0.000888	-1.679652	-1.250733
0.0008884	-1.679652	-1.250733
0.0008888	-1.637688	-1.250733
0.0008892	-1.679652	-1.207606
0.0008896	-1.679652	-1.250733
0.00089	-1.679652	-1.250733
0.0008904	-1.637688	-1.29386
0.0008908	-1.637688	-1.29386
0.0008912	-1.637688	-1.29386
0.0008916	-1.637688	-1.29386
0.000892	-1.595725	-1.250733
0.0008924	-1.637688	-1.29386
0.0008928	-1.637688	-1.29386
0.0008932	-1.637688	-1.29386
0.0008936	-1.637688	-1.29386
0.000894	-1.595725	-1.29386
0.0008944	-1.553761	-1.250733
0.0008948	-1.637688	-1.29386
0.0008952	-1.595725	-1.29386
0.0008956	-1.595725	-1.336986
0.000896	-1.595725	-1.29386
0.0008964	-1.553761	-1.29386
0.0008968	-1.595725	-1.29386
0.0008972	-1.553761	-1.29386
0.0008976	-1.553761	-1.29386
0.000898	-1.595725	-1.29386
0.0008984	-1.595725	-1.29386
0.0008988	-1.553761	-1.29386
0.0008992	-1.553761	-1.29386
0.0008996	-1.553761	-1.29386
0.0009	-1.511798	-1.29386
0.0009004	-1.511798	-1.29386
0.0009008	-1.511798	-1.29386
0.0009012	-1.511798	-1.29386
0.0009016	-1.511798	-1.29386
0.000902	-1.511798	-1.336986
0.0009024	-1.511798	-1.29386
0.0009028	-1.511798	-1.29386
0.0009032	-1.511798	-1.29386
0.0009036	-1.511798	-1.29386
0.000904	-1.469834	-1.336986
0.0009044	-1.511798	-1.29386
0.0009048	-1.511798	-1.336986
0.0009052	-1.469834	-1.29386
0.0009056	-1.469834	-1.29386
0.000906	-1.469834	-1.29386
0.0009064	-1.469834	-1.29386
0.0009068	-1.469834	-1.29386
0.0009072	-1.469834	-1.336986
0.0009076	-1.469834	-1.336986
0.000908	-1.427871	-1.29386
0.0009084	-1.427871	-1.29386
0.0009088	-1.427871	-1.336986
0.0009092	-1.427871	-1.29386
0.0009096	-1.385907	-1.29386
0.00091	-1.427871	-1.29386
0.0009104	-1.385907	-1.29386
0.0009108	-1.385907	-1.29386
0.0009112	-1.385907	-1.336986
0.0009116	-1.385907	-1.29386
0.000912	-1.385907	-1.336986
0.0009124	-1.343943	-1.29386
0.0009128	-1.343943	-1.380113
0.0009132	-1.385907	-1.336986
0.0009136	-1.343943	-1.380113
0.000914	-1.343943	-1.336986
0.0009144	-1.343943	-1.380113
0.0009148	-1.343943	-1.336986
0.0009152	-1.343943	-1.336986
0.0009156	-1.343943	-1.380113
0.000916	-1.343943	-1.380113
0.0009164	-1.343943	-1.380113
0.0009168	-1.343943	-1.336986
0.0009172	-1.30198	-1.336986
0.0009176	-1.30198	-1.336986
0.000918	-1.30198	-1.380113
0.0009184	-1.260016	-1.380113
0.0009188	-1.30198	-1.380113
0.0009192	-1.260016	-1.336986
0.0009196	-1.260016	-1.380113
0.00092	-1.260016	-1.380113
0.0009204	-1.260016	-1.380113
0.0009208	-1.218053	-1.29386
0.0009212	-1.218053	-1.380113
0.0009216	-1.218053	-1.336986
0.000922	-1.260016	-1.336986
0.0009224	-1.218053	-1.380113
0.0009228	-1.176089	-1.380113
0.0009232	-1.218053	-1.336986
0.0009236	-1.176089	-1.336986
0.000924	-1.176089	-1.336986
0.0009244	-1.176089	-1.336986
0.0009248	-1.176089	-1.336986
0.0009252	-1.134126	-1.380113
0.0009256	-1.176089	-1.336986
0.000926	-1.134126	-1.336986
0.0009264	-1.134126	-1.29386
0.0009268	-1.134126	-1.380113
0.0009272	-1.134126	-1.336986
0.0009276	-1.134126	-1.380113
0.000928	-1.134126	-1.336986
0.0009284	-1.092162	-1.29386
0.0009288	-1.092162	-1.29386
0.0009292	-1.092162	-1.29386
0.0009296	-1.092162	-1.336986
0.00093	-1.050199	-1.207606
0.0009304	-1.092162	-1.29386
0.0009308	-1.092162	-1.29386
0.0009312	-1.092162	-1.29386
0.0009316	-1.050199	-1.29386
0.000932	-1.008235	-1.29386
0.0009324	-1.008235	-1.29386
0.0009328	-1.008235	-1.29386
0.0009332	-1.008235	-1.29386
0.0009336	-1.008235	-1.29386
0.000934	-1.008235	-1.29386
0.0009344	-1.008235	-1.29386
0.0009348	-0.9662716	-1.29386
0.0009352	-0.9662716	-1.29386
0.0009356	-0.9662716	-1.29386
0.000936	-0.9662716	-1.29386
0.0009364	-0.9662716	-1.380113
0.0009368	-0.9662716	-1.29386
0.0009372	-0.924308	-1.29386
0.0009376	-0.924308	-1.29386
0.000938	-0.924308	-1.29386
0.0009384	-0.924308	-1.29386
0.0009388	-0.924308	-1.29386
0.0009392	-0.924308	-1.29386
0.0009396	-0.8823445	-1.29386
0.00094	-0.8823445	-1.250733
0.0009404	-0.8823445	-1.29386
0.0009408	-0.8403809	-1.29386
0.0009412	-0.8403809	-1.29386
0.0009416	-0.8403809	-1.29386
0.000942	-0.8403809	-1.250733
0.0009424	-0.8403809	-1.29386
0.0009428	-0.8403809	-1.29386
0.0009432	-0.8403809	-1.29386
0.0009436	-0.7984174	-1.250733
0.000944	-0.7984174	-1.250733
0.0009444	-0.7984174	-1.250733
0.0009448	-0.7984174	-1.250733
0.0009452	-0.7564538	-1.207606
0.0009456	-0.7564538	-1.250733
0.000946	-0.7564538	-1.250733
0.0009464	-0.7564538	-1.250733
0.0009468	-0.7144903	-1.207606
0.0009472	-0.7144903	-1.250733
0.0009476	-0.7144903	-1.250733
0.000948	-0.7144903	-1.250733
0.0009484	-0.7144903	-1.250733
0.0009488	-0.7144903	-1.250733
0.0009492	-0.6725267	-1.250733
0.0009496	-0.6725267	-1.207606
0.00095	-0.6725267	-1.207606
0.0009504	-0.6725267	-1.16448
0.0009508	-0.6305632	-1.207606
0.0009512	-0.6305632	-1.207606
0.0009516	-0.6305632	-1.207606
0.000952	-0.6305632	-1.207606
0.0009524	-0.6305632	-1.207606
0.0009528	-0.6305632	-1.207606
0.0009532	-0.6305632	-1.16448
0.0009536	-0.5885996	-1.16448
0.000954	-0.5885996	-1.207606
0.0009544	-0.5885996	-1.207606
0.0009548	-0.5466361	-1.16448
0.0009552	-0.5466361	-1.207606
0.0009556	-0.5466361	-1.16448
0.000956	-0.5466361	-1.207606
0.0009564	-0.5046725	-1.16448
0.0009568	-0.5046725	-1.207606
0.0009572	-0.5046725	-1.16448
0.0009576	-0.5046725	-1.16448
0.000958	-0.5046725	-1.16448
0.0009584	-0.5046725	-1.16448
0.0009588	-0.5046725	-1.16448
0.0009592	-0.5046725	-1.121353
0.0009596	-0.462709	-1.16448
0.00096	-0.4207454	-1.121353
0.0009604	-0.462709	-1.121353
0.0009608	-0.4207454	-1.16448
0.0009612	-0.4207454	-1.121353
0.0009616	-0.4207454	-1.121353
0.000962	-0.4207454	-1.121353
0.0009624	-0.3787819	-1.121353
0.0009628	-0.4207454	-1.121353
0.0009632	-0.3787819	-1.121353
0.0009636	-0.3368183	-1.121353
0.000964	-0.3787819	-1.121353
0.0009644	-0.3368183	-1.121353
0.0009648	-0.3368183	-1.121353
0.0009652	-0.3368183	-1.121353
0.0009656	-0.3368183	-1.078227
0.000966	-0.3368183	-1.121353
0.0009664	-0.2948548	-1.121353
0.0009668	-0.2948548	-1.121353
0.0009672	-0.2528913	-1.0351
0.0009676	-0.2948548	-1.078227
0.000968	-0.2528913	-1.078227
0.0009684	-0.2528913	-1.078227
0.0009688	-0.2109277	-1.078227
0.0009692	-0.2528913	-1.078227
0.0009696	-0.2109277	-1.0351
0.00097	-0.2109277	-1.0351
0.0009704	-0.2109277	-1.078227
0.0009708	-0.1689642	-0.9488473
0.0009712	-0.1689642	-1.0351
0.0009716	-0.1689642	-1.0351
0.000972	-0.1689642	-1.0351
0.0009724	-0.1689642	-1.0351
0.0009728	-0.1689642	-1.0351
0.0009732	-0.1270006	-1.0351
0.0009736	-0.1270006	-0.9488473
0.000974	-0.1270006	-0.9919738
0.0009744	-0.1270006	-1.0351
0.0009748	-0.1270006	-0.9919738
0.0009752	-0.1270006	-0.9919738
0.0009756	-0.08503706	-0.9488473
0.000976	-0.08503706	-1.0351
0.0009764	-0.04307352	-0.9488473
0.0009768	-0.04307352	-0.9919738
0.0009772	-0.04307352	-0.9919738
0.0009776	-0.04307352	-0.9488473
0.000978	-0.001109969	-0.9488473
0.0009784	-0.001109969	-0.9488473
0.0009788	-0.001109969	-0.9919738
0.0009792	-0.001109969	-0.9488473
0.0009796	-0.001109969	-0.9488473
0.00098	-0.001109969	-0.9057208
0.0009804	0.04085358	-0.9057208
0.0009808	0.04085358	-0.9057208
0.0009812	0.04085358	-0.9057208
0.0009816	0.04085358	-0.9057208
0.000982	0.04085358	-0.9057208
0.0009824	0.08281713	-0.8625943
0.0009828	0.08281713	-0.9057208
0.0009832	0.08281713	-0.8625943
0.0009836	0.08281713	-0.8625943
0.000984	0.1247807	-0.8194678
0.0009844	0.1247807	-0.8194678
0.0009848	0.1247807	-0.8625943
0.0009852	0.1247807	-0.8194678
0.0009856	0.1667442	-0.8625943
0.000986	0.1667442	-0.8625943
0.0009864	0.1667442	-0.8625943
0.0009868	0.1667442	-0.8625943
0.0009872	0.2087078	-0.8625943
0.0009876	0.2087078	-0.7763412
0.000988	0.2506713	-0.8194678
0.0009884	0.2087078	-0.7763412
0.0009888	0.2087078	-0.8194678
0.0009892	0.2506713	-0.7763412
0.0009896	0.2506713	-0.7763412
0.00099	0.2506713	-0.7763412
0.0009904	0.2506713	-0.7763412
0.0009908	0.2926349	-0.7763412
0.0009912	0.2926349	-0.7763412
0.0009916	0.2926349	-0.7763412
0.000992	0.3345984	-0.7763412
0.0009924	0.2926349	-0.7763412
0.0009928	0.3345984	-0.7332147
0.0009932	0.3345984	-0.7332147
0.0009936	0.3345984	-0.7332147
0.000994	0.3345984	-0.7763412
0.0009944	0.3345984	-0.6900882
0.0009948	0.376562	-0.7332147
0.0009952	0.376562	-0.7332147
0.0009956	0.376562	-0.7332147
0.000996	0.4185255	-0.6900882
0.0009964	0.376562	-0.6900882
0.0009968	0.4185255	-0.7332147
0.0009972	0.4604891	-0.6469617
0.0009976	0.4185255	-0.6900882
0.000998	0.4604891	-0.6469617
0.0009984	0.4185255	-0.6900882
0.0009988	0.4604891	-0.6469617
0.0009992	0.4604891	-0.6900882
0.0009996	0.4604891	-0.6038351
0.001	0.5024526	-0.6038351
