Frequency	dBVrms
0.000000	-27.824277
250.000000	-51.697542
500.000000	-51.105336
750.000000	-50.633068
1000.000000	-50.795840
1250.000000	-51.145905
1500.000000	-50.960085
1750.000000	-50.862018
2000.000000	-51.367615
2250.000000	-51.899919
2500.000000	-51.418397
2750.000000	-51.805283
3000.000000	-52.546166
3250.000000	-52.409063
3500.000000	-52.628859
3750.000000	-53.085601
4000.000000	-52.835974
4250.000000	-52.966960
4500.000000	-53.122188
4750.000000	-53.071549
5000.000000	-53.796974
5250.000000	-53.239994
5500.000000	-53.256065
5750.000000	-53.769000
6000.000000	-53.641420
6250.000000	-53.608847
6500.000000	-54.167368
6750.000000	-54.055583
7000.000000	-54.469677
7250.000000	-54.635510
7500.000000	-54.208119
7750.000000	-54.346517
8000.000000	-53.881738
8250.000000	-54.064094
8500.000000	-54.260215
8750.000000	-54.646431
9000.000000	-54.286835
9250.000000	-54.614573
9500.000000	-54.701273
9750.000000	-54.728438
10000.000000	-54.717307
10250.000000	-54.930925
10500.000000	-54.429998
10750.000000	-54.466057
11000.000000	-55.110249
11250.000000	-54.908851
11500.000000	-54.442786
11750.000000	-54.826483
12000.000000	-54.299360
12250.000000	-54.516301
12500.000000	-54.526303
12750.000000	-54.603368
13000.000000	-54.801913
13250.000000	-54.708374
13500.000000	-54.977101
13750.000000	-55.080432
14000.000000	-54.882447
14250.000000	-54.902649
14500.000000	-54.876087
14750.000000	-54.929708
15000.000000	-55.348334
15250.000000	-55.004136
15500.000000	-54.891478
15750.000000	-54.663855
16000.000000	-55.024607
16250.000000	-54.795046
16500.000000	-54.677070
16750.000000	-54.622540
17000.000000	-54.949080
17250.000000	-55.131882
17500.000000	-55.164643
17750.000000	-54.951495
18000.000000	-55.146624
18250.000000	-55.103923
18500.000000	-54.786048
18750.000000	-55.603131
19000.000000	-55.116423
19250.000000	-54.993274
19500.000000	-55.043061
19750.000000	-55.393670
20000.000000	-54.627544
20250.000000	-55.171344
20500.000000	-55.056456
20750.000000	-54.994453
21000.000000	-55.061315
21250.000000	-54.889100
21500.000000	-54.768984
21750.000000	-55.249356
22000.000000	-54.830941
22250.000000	-55.176254
22500.000000	-55.198539
22750.000000	-54.791177
23000.000000	-54.897178
23250.000000	-55.407095
23500.000000	-55.015351
23750.000000	-55.210233
24000.000000	-55.090360
24250.000000	-54.764822
24500.000000	-55.150499
24750.000000	-55.172772
25000.000000	-54.309798
25250.000000	-54.875758
25500.000000	-54.765054
25750.000000	-55.315118
26000.000000	-55.233454
26250.000000	-54.729696
26500.000000	-54.924752
26750.000000	-54.855707
27000.000000	-54.398428
27250.000000	-54.700318
27500.000000	-55.053836
27750.000000	-54.822766
28000.000000	-55.017543
28250.000000	-54.568504
28500.000000	-54.615344
28750.000000	-54.933687
29000.000000	-54.734015
29250.000000	-54.571448
29500.000000	-54.350782
29750.000000	-54.216459
30000.000000	-55.011512
30250.000000	-54.521484
30500.000000	-54.455428
30750.000000	-55.397298
31000.000000	-54.499268
31250.000000	-54.976412
31500.000000	-54.545734
31750.000000	-54.612791
32000.000000	-54.570562
32250.000000	-55.140534
32500.000000	-54.664654
32750.000000	-55.109732
33000.000000	-54.767140
33250.000000	-54.363941
33500.000000	-54.079389
33750.000000	-54.978336
34000.000000	-54.328170
34250.000000	-54.535119
34500.000000	-54.300396
34750.000000	-54.540938
35000.000000	-54.619130
35250.000000	-54.819845
35500.000000	-54.571241
35750.000000	-54.417482
36000.000000	-54.751559
36250.000000	-54.269483
36500.000000	-54.509824
36750.000000	-54.392238
37000.000000	-54.159815
37250.000000	-54.498274
37500.000000	-54.457448
37750.000000	-54.108821
38000.000000	-54.442203
38250.000000	-54.284151
38500.000000	-53.951801
38750.000000	-54.567775
39000.000000	-54.055659
39250.000000	-54.665989
39500.000000	-53.834828
39750.000000	-54.325141
40000.000000	-53.819552
40250.000000	-54.206040
40500.000000	-53.929337
40750.000000	-54.300383
41000.000000	-54.254417
41250.000000	-53.945549
41500.000000	-54.126786
41750.000000	-53.597397
42000.000000	-54.127466
42250.000000	-53.605447
42500.000000	-54.084603
42750.000000	-54.203417
43000.000000	-53.873558
43250.000000	-54.199997
43500.000000	-54.005410
43750.000000	-53.355938
44000.000000	-53.817770
44250.000000	-53.379748
44500.000000	-53.984725
44750.000000	-53.618274
45000.000000	-53.673749
45250.000000	-53.380803
45500.000000	-53.460589
45750.000000	-53.858406
46000.000000	-53.510412
46250.000000	-53.454757
46500.000000	-53.513575
46750.000000	-53.807987
47000.000000	-53.481109
47250.000000	-53.681793
47500.000000	-53.608538
47750.000000	-53.104957
48000.000000	-53.227159
48250.000000	-53.550850
48500.000000	-53.277021
48750.000000	-53.291006
49000.000000	-53.405607
49250.000000	-53.041119
49500.000000	-52.958575
49750.000000	-52.959968
50000.000000	-53.025069
50250.000000	-53.038938
50500.000000	-52.941580
50750.000000	-52.850050
51000.000000	-52.570867
51250.000000	-53.252498
51500.000000	-52.881292
51750.000000	-52.885757
52000.000000	-52.551627
52250.000000	-52.685456
52500.000000	-52.523318
52750.000000	-52.899537
53000.000000	-52.386553
53250.000000	-52.206027
53500.000000	-52.638562
53750.000000	-52.646027
54000.000000	-52.042184
54250.000000	-52.325586
54500.000000	-52.567306
54750.000000	-52.537510
55000.000000	-51.766447
55250.000000	-51.930957
55500.000000	-52.124960
55750.000000	-51.797855
56000.000000	-52.011651
56250.000000	-51.944132
56500.000000	-51.918536
56750.000000	-51.586984
57000.000000	-51.573390
57250.000000	-51.682484
57500.000000	-51.445440
57750.000000	-51.826375
58000.000000	-51.291029
58250.000000	-51.495636
58500.000000	-51.422175
58750.000000	-51.903317
59000.000000	-51.240504
59250.000000	-51.112565
59500.000000	-51.288464
59750.000000	-50.738193
60000.000000	-50.874121
60250.000000	-50.608686
60500.000000	-50.395421
60750.000000	-50.390986
61000.000000	-50.831043
61250.000000	-50.443297
61500.000000	-50.102618
61750.000000	-50.109388
62000.000000	-50.270812
62250.000000	-49.679639
62500.000000	-49.622367
62750.000000	-49.629778
63000.000000	-49.534118
63250.000000	-49.541480
63500.000000	-49.234466
63750.000000	-49.121645
64000.000000	-49.360693
64250.000000	-49.289871
64500.000000	-48.866204
64750.000000	-48.411142
65000.000000	-48.338961
65250.000000	-48.387927
65500.000000	-48.819388
65750.000000	-48.475957
66000.000000	-48.244155
66250.000000	-47.981432
66500.000000	-47.886503
66750.000000	-47.914028
67000.000000	-47.786967
67250.000000	-46.921307
67500.000000	-47.592612
67750.000000	-47.004485
68000.000000	-47.091867
68250.000000	-47.089151
68500.000000	-46.176258
68750.000000	-46.521304
69000.000000	-46.520568
69250.000000	-45.629088
69500.000000	-45.936886
69750.000000	-45.653026
70000.000000	-45.324405
70250.000000	-45.518834
70500.000000	-45.149298
70750.000000	-44.694854
71000.000000	-44.403940
71250.000000	-44.357580
71500.000000	-44.010178
71750.000000	-43.792955
72000.000000	-43.906635
72250.000000	-42.688787
72500.000000	-43.193172
72750.000000	-42.609699
73000.000000	-42.800140
73250.000000	-42.513926
73500.000000	-41.889892
73750.000000	-41.989706
74000.000000	-41.772013
74250.000000	-40.658453
74500.000000	-41.020239
74750.000000	-40.676514
75000.000000	-40.228376
75250.000000	-40.322801
75500.000000	-39.745775
75750.000000	-39.280088
76000.000000	-38.958830
76250.000000	-38.555798
76500.000000	-38.193557
76750.000000	-38.465515
77000.000000	-37.787437
77250.000000	-36.884562
77500.000000	-36.707273
77750.000000	-37.044134
78000.000000	-35.954193
78250.000000	-36.243710
78500.000000	-35.723910
78750.000000	-35.090924
79000.000000	-34.669657
79250.000000	-34.520328
79500.000000	-34.269986
79750.000000	-33.810693
80000.000000	-32.946065
80250.000000	-32.752134
80500.000000	-32.231319
80750.000000	-31.399879
81000.000000	-31.976771
81250.000000	-31.057771
81500.000000	-29.947334
81750.000000	-30.186228
82000.000000	-29.722137
82250.000000	-29.550012
82500.000000	-28.463949
82750.000000	-28.749282
83000.000000	-27.628593
83250.000000	-27.352051
83500.000000	-26.525872
83750.000000	-26.558761
84000.000000	-25.700686
84250.000000	-25.199356
84500.000000	-25.125208
84750.000000	-23.832424
85000.000000	-23.494843
85250.000000	-23.387433
85500.000000	-22.391456
85750.000000	-22.358717
86000.000000	-21.948471
86250.000000	-21.331234
86500.000000	-20.934357
86750.000000	-19.908925
87000.000000	-19.562976
87250.000000	-19.166813
87500.000000	-18.457181
87750.000000	-18.536413
88000.000000	-18.298622
88250.000000	-18.062605
88500.000000	-17.710959
88750.000000	-17.794039
89000.000000	-17.664105
89250.000000	-17.670374
89500.000000	-17.471344
89750.000000	-17.813735
90000.000000	-17.246184
90250.000000	-17.323647
90500.000000	-16.900577
90750.000000	-17.374723
91000.000000	-17.571525
91250.000000	-17.397883
91500.000000	-17.597440
91750.000000	-18.049697
92000.000000	-17.440447
92250.000000	-17.330454
92500.000000	-16.828029
92750.000000	-17.489194
93000.000000	-18.077274
93250.000000	-17.717222
93500.000000	-17.638342
93750.000000	-17.520660
94000.000000	-17.497795
94250.000000	-17.320424
94500.000000	-17.289453
94750.000000	-17.061844
95000.000000	-17.068213
95250.000000	-17.750128
95500.000000	-17.869109
95750.000000	-17.597499
96000.000000	-16.749221
96250.000000	-17.662279
96500.000000	-17.041586
96750.000000	-17.174863
97000.000000	-17.267278
97250.000000	-17.442707
97500.000000	-17.046166
97750.000000	-17.082984
98000.000000	-17.011101
98250.000000	-16.827027
98500.000000	-17.278081
98750.000000	-17.453546
99000.000000	-17.313769
99250.000000	-16.969097
99500.000000	-17.120412
99750.000000	-16.543864
100000.000000	-16.546017
100250.000000	-17.157144
100500.000000	-17.157382
100750.000000	-16.710513
101000.000000	-16.804952
101250.000000	-17.100074
101500.000000	-16.766538
101750.000000	-16.826542
102000.000000	-17.005860
102250.000000	-16.320199
102500.000000	-16.564916
102750.000000	-16.512166
103000.000000	-16.746623
103250.000000	-17.104067
103500.000000	-16.796719
103750.000000	-16.944196
104000.000000	-16.701442
104250.000000	-16.024978
104500.000000	-16.868153
104750.000000	-16.452978
105000.000000	-16.919012
105250.000000	-16.909580
105500.000000	-16.308068
105750.000000	-16.539752
106000.000000	-16.976079
106250.000000	-17.078458
106500.000000	-16.618752
106750.000000	-17.342616
107000.000000	-16.858453
107250.000000	-17.008478
107500.000000	-16.751781
107750.000000	-16.628216
108000.000000	-16.846779
108250.000000	-16.532869
108500.000000	-17.164743
108750.000000	-17.233866
109000.000000	-16.798457
109250.000000	-17.093933
109500.000000	-17.226509
109750.000000	-17.244292
110000.000000	-17.164936
110250.000000	-17.227476
110500.000000	-17.839287
110750.000000	-18.305007
111000.000000	-17.686358
111250.000000	-18.421270
111500.000000	-18.553050
111750.000000	-18.433015
112000.000000	-18.580146
112250.000000	-18.897551
112500.000000	-19.192142
112750.000000	-19.216981
113000.000000	-19.618014
113250.000000	-19.995589
113500.000000	-20.407965
113750.000000	-20.411298
114000.000000	-20.734528
114250.000000	-21.268936
114500.000000	-21.543765
114750.000000	-21.886616
115000.000000	-22.671715
115250.000000	-22.906553
115500.000000	-22.791443
115750.000000	-23.419478
116000.000000	-24.014815
116250.000000	-24.307312
116500.000000	-25.367631
116750.000000	-25.065175
117000.000000	-25.333831
117250.000000	-25.865861
117500.000000	-25.986693
117750.000000	-26.427374
118000.000000	-26.657107
118250.000000	-27.221453
118500.000000	-27.297664
118750.000000	-27.745838
119000.000000	-27.758385
119250.000000	-28.316729
119500.000000	-28.326348
119750.000000	-29.025621
120000.000000	-28.819883
120250.000000	-29.811878
120500.000000	-29.832710
120750.000000	-30.314276
121000.000000	-31.013662
121250.000000	-30.813585
121500.000000	-31.132018
121750.000000	-31.498811
122000.000000	-31.997172
122250.000000	-32.518899
122500.000000	-32.580050
122750.000000	-32.689684
123000.000000	-33.081497
123250.000000	-33.690544
123500.000000	-33.401783
123750.000000	-33.377960
124000.000000	-34.248235
124250.000000	-34.147845
124500.000000	-33.966173
124750.000000	-34.767454
125000.000000	-34.970030
125250.000000	-35.393701
125500.000000	-35.337281
125750.000000	-35.497156
126000.000000	-36.312669
126250.000000	-35.509087
126500.000000	-36.813044
126750.000000	-36.126348
127000.000000	-36.432762
127250.000000	-36.840832
127500.000000	-37.867266
127750.000000	-37.492364
128000.000000	-37.717018
128250.000000	-37.885502
128500.000000	-38.606379
128750.000000	-38.903987
129000.000000	-38.770554
129250.000000	-38.488249
129500.000000	-39.095610
129750.000000	-39.034039
130000.000000	-39.351596
130250.000000	-39.698510
130500.000000	-39.708119
130750.000000	-39.863921
131000.000000	-40.258340
131250.000000	-40.464364
131500.000000	-40.397442
131750.000000	-40.749015
132000.000000	-40.815857
132250.000000	-41.051850
132500.000000	-40.708339
132750.000000	-41.315630
133000.000000	-41.844679
133250.000000	-41.491568
133500.000000	-41.793636
133750.000000	-42.133564
134000.000000	-42.473234
134250.000000	-42.381380
134500.000000	-42.111317
134750.000000	-42.317442
135000.000000	-42.561093
135250.000000	-43.007048
135500.000000	-43.248032
135750.000000	-43.225895
136000.000000	-43.580045
136250.000000	-43.497006
136500.000000	-43.283869
136750.000000	-44.056045
137000.000000	-43.374808
137250.000000	-43.705058
137500.000000	-44.262854
137750.000000	-44.373087
138000.000000	-44.377053
138250.000000	-45.151363
138500.000000	-45.273421
138750.000000	-45.055601
139000.000000	-44.909546
139250.000000	-45.381847
139500.000000	-45.649448
139750.000000	-45.532334
140000.000000	-45.127130
140250.000000	-45.584173
140500.000000	-45.834581
140750.000000	-45.933348
141000.000000	-45.950687
141250.000000	-46.130779
141500.000000	-46.604114
141750.000000	-46.210662
142000.000000	-46.385855
142250.000000	-46.767146
142500.000000	-46.471682
142750.000000	-47.140658
143000.000000	-47.130945
143250.000000	-47.439582
143500.000000	-46.818864
143750.000000	-47.067751
144000.000000	-47.467496
144250.000000	-47.602098
144500.000000	-47.113294
144750.000000	-48.071864
145000.000000	-47.755239
145250.000000	-47.807251
145500.000000	-47.749551
145750.000000	-47.773254
146000.000000	-48.136590
146250.000000	-48.015128
146500.000000	-48.460793
146750.000000	-48.573299
147000.000000	-48.451406
147250.000000	-48.870663
147500.000000	-48.561935
147750.000000	-48.600200
148000.000000	-48.817734
148250.000000	-48.569353
148500.000000	-48.956336
148750.000000	-49.035727
149000.000000	-49.268261
149250.000000	-49.371077
149500.000000	-49.915537
149750.000000	-49.012359
150000.000000	-49.918555
150250.000000	-49.855851
150500.000000	-49.444319
150750.000000	-49.505272
151000.000000	-49.802446
151250.000000	-49.761915
151500.000000	-50.119062
151750.000000	-49.874490
152000.000000	-49.644327
152250.000000	-50.141940
152500.000000	-50.062401
152750.000000	-50.161052
153000.000000	-50.865119
153250.000000	-50.184609
153500.000000	-50.995526
153750.000000	-50.437223
154000.000000	-50.575150
154250.000000	-50.695035
154500.000000	-50.593187
154750.000000	-50.364599
155000.000000	-50.744451
155250.000000	-50.582900
155500.000000	-50.545008
155750.000000	-50.811974
156000.000000	-51.460326
156250.000000	-51.339978
156500.000000	-51.281753
156750.000000	-51.247026
157000.000000	-51.760019
157250.000000	-50.862759
157500.000000	-51.721041
157750.000000	-51.562884
158000.000000	-51.202000
158250.000000	-51.492025
158500.000000	-51.960214
158750.000000	-52.020961
159000.000000	-51.991110
159250.000000	-51.361554
159500.000000	-52.300088
159750.000000	-51.894118
160000.000000	-51.861160
160250.000000	-51.840314
160500.000000	-52.094846
160750.000000	-52.161118
161000.000000	-52.192849
161250.000000	-52.384050
161500.000000	-52.025871
161750.000000	-52.322082
162000.000000	-52.261031
162250.000000	-52.051201
162500.000000	-52.316115
162750.000000	-52.926265
163000.000000	-52.307099
163250.000000	-52.501597
163500.000000	-52.785399
163750.000000	-52.849351
164000.000000	-52.991594
164250.000000	-52.434005
164500.000000	-52.411370
164750.000000	-53.037491
165000.000000	-52.725214
165250.000000	-53.051614
165500.000000	-53.048681
165750.000000	-53.531197
166000.000000	-52.769117
166250.000000	-53.203151
166500.000000	-53.016947
166750.000000	-53.014263
167000.000000	-53.363313
167250.000000	-52.921123
167500.000000	-53.114230
167750.000000	-52.856366
168000.000000	-53.161608
168250.000000	-52.997939
168500.000000	-52.741992
168750.000000	-53.262498
169000.000000	-53.600679
169250.000000	-53.190005
169500.000000	-53.149529
169750.000000	-53.421990
170000.000000	-53.865253
170250.000000	-53.269738
170500.000000	-53.156126
170750.000000	-53.264526
171000.000000	-52.906777
171250.000000	-53.612713
171500.000000	-53.134154
171750.000000	-53.289567
172000.000000	-53.332948
172250.000000	-53.186761
172500.000000	-53.484385
172750.000000	-53.545931
173000.000000	-53.752733
173250.000000	-53.163547
173500.000000	-53.796336
173750.000000	-53.641646
174000.000000	-53.824055
174250.000000	-53.812938
174500.000000	-54.099967
174750.000000	-53.982360
175000.000000	-53.535433
175250.000000	-54.142092
175500.000000	-54.235308
175750.000000	-54.096036
176000.000000	-53.857794
176250.000000	-53.985285
176500.000000	-53.972305
176750.000000	-54.130123
177000.000000	-54.029935
177250.000000	-54.094982
177500.000000	-54.321469
177750.000000	-54.524577
178000.000000	-54.034713
178250.000000	-53.710006
178500.000000	-54.173512
178750.000000	-54.149862
179000.000000	-54.154689
179250.000000	-54.671721
179500.000000	-54.180702
179750.000000	-54.296694
180000.000000	-54.157785
180250.000000	-54.484995
180500.000000	-54.131729
180750.000000	-54.010894
181000.000000	-53.972650
181250.000000	-55.029273
181500.000000	-54.674571
181750.000000	-54.818470
182000.000000	-54.593076
182250.000000	-54.170731
182500.000000	-54.366591
182750.000000	-54.211996
183000.000000	-54.251462
183250.000000	-54.860779
183500.000000	-54.597607
183750.000000	-54.883644
184000.000000	-54.015183
184250.000000	-54.279420
184500.000000	-54.577517
184750.000000	-54.245308
185000.000000	-54.633346
185250.000000	-54.870609
185500.000000	-54.408411
185750.000000	-54.605145
186000.000000	-54.830497
186250.000000	-54.654133
186500.000000	-54.866289
186750.000000	-54.477036
187000.000000	-55.097577
187250.000000	-54.280574
187500.000000	-54.394659
187750.000000	-54.517434
188000.000000	-54.072949
188250.000000	-54.242837
188500.000000	-54.903326
188750.000000	-54.552377
189000.000000	-54.399712
189250.000000	-54.394959
189500.000000	-54.524186
189750.000000	-54.446636
190000.000000	-54.791729
190250.000000	-54.900812
190500.000000	-54.239462
190750.000000	-54.919816
191000.000000	-55.144752
191250.000000	-54.889383
191500.000000	-54.401824
191750.000000	-54.601597
192000.000000	-54.659998
192250.000000	-55.001334
192500.000000	-54.965250
192750.000000	-54.150535
193000.000000	-55.214820
193250.000000	-54.645930
193500.000000	-54.722537
193750.000000	-54.500492
194000.000000	-54.880636
194250.000000	-54.623099
194500.000000	-54.341593
194750.000000	-54.805761
195000.000000	-54.576109
195250.000000	-55.127771
195500.000000	-54.890590
195750.000000	-54.406326
196000.000000	-54.667790
196250.000000	-54.475660
196500.000000	-54.560261
196750.000000	-54.634425
197000.000000	-54.771214
197250.000000	-54.785158
197500.000000	-55.156188
197750.000000	-55.103009
198000.000000	-54.789423
198250.000000	-54.716991
198500.000000	-54.117555
198750.000000	-54.321137
199000.000000	-54.511313
199250.000000	-54.203908
199500.000000	-54.521124
199750.000000	-54.598630
