Time	Ch1
0E-13	1.293860E+0
8.000000E-7	1.725125E+0
0.0000016000000	1.854504E+0
0.0000024000000	1.897631E+0
0.0000032000000	1.940757E+0
0.0000040000000	1.940757E+0
0.0000048000000	1.897631E+0
0.0000056000000	1.940757E+0
0.0000064000000	1.940757E+0
0.0000072000000	1.940757E+0
0.0000080000000	1.983884E+0
0.0000088000000	1.983884E+0
0.0000096000000	1.983884E+0
0.0000104000000	1.940757E+0
0.0000112000000	1.983884E+0
0.0000120000000	1.983884E+0
0.0000128000000	1.940757E+0
0.0000136000000	1.983884E+0
0.0000144000000	1.940757E+0
0.0000152000000	1.983884E+0
0.0000160000000	1.983884E+0
0.0000168000000	1.983884E+0
0.0000176000000	1.983884E+0
0.0000184000000	1.983884E+0
0.0000192000000	1.983884E+0
0.0000200000000	1.940757E+0
0.0000208000000	1.983884E+0
0.0000216000000	1.983884E+0
0.0000224000000	1.940757E+0
0.0000232000000	1.983884E+0
0.0000240000000	1.940757E+0
0.0000248000000	1.940757E+0
0.0000256000000	1.940757E+0
0.0000264000000	1.983884E+0
0.0000272000000	1.983884E+0
0.0000280000000	1.940757E+0
0.0000288000000	1.983884E+0
0.0000296000000	1.983884E+0
0.0000304000000	1.983884E+0
0.0000312000000	1.940757E+0
0.0000320000000	1.983884E+0
0.0000328000000	1.983884E+0
0.0000336000000	1.983884E+0
0.0000344000000	1.983884E+0
0.0000352000000	1.983884E+0
0.0000360000000	1.940757E+0
0.0000368000000	1.983884E+0
0.0000376000000	1.940757E+0
0.0000384000000	1.983884E+0
0.0000392000000	1.983884E+0
0.0000400000000	1.983884E+0
0.0000408000000	1.983884E+0
0.0000416000000	1.983884E+0
0.0000424000000	1.983884E+0
0.0000432000000	1.897631E+0
0.0000440000000	1.983884E+0
0.0000448000000	1.940757E+0
0.0000456000000	1.983884E+0
0.0000464000000	1.983884E+0
0.0000472000000	1.940757E+0
0.0000480000000	1.983884E+0
0.0000488000000	1.983884E+0
0.0000496000000	1.983884E+0
0.0000504000000	1.983884E+0
0.0000512000000	1.983884E+0
0.0000520000000	1.983884E+0
0.0000528000000	1.983884E+0
0.0000536000000	1.940757E+0
0.0000544000000	1.983884E+0
0.0000552000000	1.983884E+0
0.0000560000000	1.940757E+0
0.0000568000000	1.983884E+0
0.0000576000000	1.940757E+0
0.0000584000000	1.983884E+0
0.0000592000000	1.983884E+0
0.0000600000000	1.983884E+0
0.0000608000000	1.983884E+0
0.0000616000000	1.983884E+0
0.0000624000000	1.983884E+0
0.0000632000000	1.983884E+0
0.0000640000000	1.983884E+0
0.0000648000000	1.983884E+0
0.0000656000000	1.940757E+0
0.0000664000000	1.983884E+0
0.0000672000000	1.983884E+0
0.0000680000000	1.983884E+0
0.0000688000000	1.983884E+0
0.0000696000000	1.983884E+0
0.0000704000000	1.940757E+0
0.0000712000000	1.983884E+0
0.0000720000000	1.983884E+0
0.0000728000000	1.983884E+0
0.0000736000000	1.983884E+0
0.0000744000000	1.983884E+0
0.0000752000000	1.983884E+0
0.0000760000000	1.983884E+0
0.0000768000000	1.983884E+0
0.0000776000000	1.940757E+0
0.0000784000000	1.983884E+0
0.0000792000000	1.983884E+0
0.0000800000000	1.983884E+0
0.0000808000000	1.983884E+0
0.0000816000000	1.983884E+0
0.0000824000000	1.983884E+0
0.0000832000000	1.983884E+0
0.0000840000000	1.983884E+0
0.0000848000000	1.983884E+0
0.0000856000000	1.983884E+0
0.0000864000000	1.983884E+0
0.0000872000000	1.983884E+0
0.0000880000000	1.983884E+0
0.0000888000000	1.983884E+0
0.0000896000000	1.983884E+0
0.0000904000000	1.983884E+0
0.0000912000000	1.983884E+0
0.0000920000000	1.983884E+0
0.0000928000000	1.983884E+0
0.0000936000000	1.983884E+0
0.0000944000000	1.983884E+0
0.0000952000000	1.983884E+0
0.0000960000000	1.983884E+0
0.0000968000000	1.983884E+0
0.0000976000000	1.983884E+0
0.0000984000000	1.983884E+0
0.0000992000000	1.983884E+0
0.0001000000000	1.983884E+0
0.0001008000000	1.983884E+0
0.0001016000000	1.983884E+0
0.0001024000000	1.983884E+0
0.0001032000000	1.983884E+0
0.0001040000000	1.940757E+0
0.0001048000000	1.983884E+0
0.0001056000000	1.983884E+0
0.0001064000000	1.983884E+0
0.0001072000000	1.983884E+0
0.0001080000000	1.983884E+0
0.0001088000000	1.983884E+0
0.0001096000000	1.983884E+0
0.0001104000000	1.983884E+0
0.0001112000000	1.983884E+0
0.0001120000000	1.983884E+0
0.0001128000000	2.070137E+0
0.0001136000000	1.983884E+0
0.0001144000000	1.983884E+0
0.0001152000000	1.983884E+0
0.0001160000000	1.983884E+0
0.0001168000000	1.983884E+0
0.0001176000000	1.983884E+0
0.0001184000000	1.983884E+0
0.0001192000000	1.983884E+0
0.0001200000000	1.983884E+0
0.0001208000000	1.983884E+0
0.0001216000000	1.983884E+0
0.0001224000000	1.983884E+0
0.0001232000000	1.983884E+0
0.0001240000000	1.940757E+0
0.0001248000000	1.983884E+0
0.0001256000000	1.983884E+0
0.0001264000000	1.983884E+0
0.0001272000000	1.983884E+0
0.0001280000000	1.983884E+0
0.0001288000000	1.983884E+0
0.0001296000000	1.983884E+0
0.0001304000000	1.983884E+0
0.0001312000000	1.983884E+0
0.0001320000000	1.983884E+0
0.0001328000000	1.983884E+0
0.0001336000000	1.983884E+0
0.0001344000000	1.983884E+0
0.0001352000000	1.983884E+0
0.0001360000000	1.983884E+0
0.0001368000000	1.983884E+0
0.0001376000000	1.983884E+0
0.0001384000000	1.983884E+0
0.0001392000000	1.983884E+0
0.0001400000000	1.983884E+0
0.0001408000000	2.027010E+0
0.0001416000000	1.983884E+0
0.0001424000000	1.983884E+0
0.0001432000000	1.983884E+0
0.0001440000000	1.983884E+0
0.0001448000000	1.983884E+0
0.0001456000000	1.983884E+0
0.0001464000000	1.983884E+0
0.0001472000000	1.983884E+0
0.0001480000000	1.940757E+0
0.0001488000000	1.983884E+0
0.0001496000000	1.983884E+0
0.0001504000000	1.983884E+0
0.0001512000000	1.983884E+0
0.0001520000000	1.940757E+0
0.0001528000000	1.983884E+0
0.0001536000000	1.983884E+0
0.0001544000000	1.983884E+0
0.0001552000000	1.983884E+0
0.0001560000000	1.983884E+0
0.0001568000000	1.983884E+0
0.0001576000000	1.983884E+0
0.0001584000000	1.983884E+0
0.0001592000000	1.983884E+0
0.0001600000000	1.983884E+0
0.0001608000000	1.983884E+0
0.0001616000000	1.983884E+0
0.0001624000000	1.940757E+0
0.0001632000000	1.983884E+0
0.0001640000000	1.983884E+0
0.0001648000000	1.983884E+0
0.0001656000000	1.983884E+0
0.0001664000000	1.983884E+0
0.0001672000000	1.983884E+0
0.0001680000000	1.940757E+0
0.0001688000000	1.983884E+0
0.0001696000000	1.983884E+0
0.0001704000000	1.983884E+0
0.0001712000000	1.983884E+0
0.0001720000000	1.983884E+0
0.0001728000000	1.983884E+0
0.0001736000000	1.983884E+0
0.0001744000000	1.983884E+0
0.0001752000000	1.940757E+0
0.0001760000000	1.983884E+0
0.0001768000000	1.983884E+0
0.0001776000000	1.983884E+0
0.0001784000000	1.983884E+0
0.0001792000000	1.983884E+0
0.0001800000000	1.983884E+0
0.0001808000000	1.983884E+0
0.0001816000000	1.983884E+0
0.0001824000000	1.983884E+0
0.0001832000000	1.983884E+0
0.0001840000000	1.983884E+0
0.0001848000000	1.983884E+0
0.0001856000000	1.940757E+0
0.0001864000000	1.983884E+0
0.0001872000000	1.983884E+0
0.0001880000000	1.983884E+0
0.0001888000000	1.983884E+0
0.0001896000000	1.983884E+0
0.0001904000000	1.983884E+0
0.0001912000000	1.940757E+0
0.0001920000000	1.983884E+0
0.0001928000000	1.897631E+0
0.0001936000000	1.983884E+0
0.0001944000000	1.983884E+0
0.0001952000000	1.983884E+0
0.0001960000000	1.983884E+0
0.0001968000000	1.983884E+0
0.0001976000000	1.983884E+0
0.0001984000000	1.983884E+0
0.0001992000000	1.983884E+0
0.0002000000000	1.983884E+0
0.0002008000000	1.983884E+0
0.0002016000000	1.983884E+0
0.0002024000000	1.983884E+0
0.0002032000000	1.940757E+0
0.0002040000000	1.983884E+0
0.0002048000000	1.983884E+0
0.0002056000000	1.983884E+0
0.0002064000000	1.983884E+0
0.0002072000000	1.983884E+0
0.0002080000000	1.983884E+0
0.0002088000000	1.983884E+0
0.0002096000000	1.940757E+0
0.0002104000000	1.983884E+0
0.0002112000000	1.983884E+0
0.0002120000000	1.983884E+0
0.0002128000000	1.983884E+0
0.0002136000000	1.983884E+0
0.0002144000000	1.983884E+0
0.0002152000000	1.983884E+0
0.0002160000000	1.940757E+0
0.0002168000000	1.983884E+0
0.0002176000000	1.983884E+0
0.0002184000000	1.983884E+0
0.0002192000000	1.983884E+0
0.0002200000000	1.983884E+0
0.0002208000000	1.983884E+0
0.0002216000000	1.983884E+0
0.0002224000000	1.983884E+0
0.0002232000000	1.983884E+0
0.0002240000000	1.983884E+0
0.0002248000000	1.983884E+0
0.0002256000000	1.983884E+0
0.0002264000000	1.983884E+0
0.0002272000000	1.983884E+0
0.0002280000000	1.983884E+0
0.0002288000000	1.940757E+0
0.0002296000000	1.983884E+0
0.0002304000000	1.983884E+0
0.0002312000000	1.983884E+0
0.0002320000000	1.983884E+0
0.0002328000000	1.983884E+0
0.0002336000000	1.983884E+0
0.0002344000000	1.983884E+0
0.0002352000000	2.027010E+0
0.0002360000000	1.983884E+0
0.0002368000000	1.983884E+0
0.0002376000000	1.983884E+0
0.0002384000000	1.983884E+0
0.0002392000000	1.940757E+0
0.0002400000000	1.983884E+0
0.0002408000000	1.983884E+0
0.0002416000000	1.983884E+0
0.0002424000000	1.940757E+0
0.0002432000000	1.983884E+0
0.0002440000000	1.897631E+0
0.0002448000000	1.983884E+0
0.0002456000000	1.983884E+0
0.0002464000000	1.983884E+0
0.0002472000000	1.983884E+0
0.0002480000000	1.983884E+0
0.0002488000000	1.983884E+0
0.0002496000000	1.983884E+0
0.0002504000000	1.983884E+0
0.0002512000000	1.983884E+0
0.0002520000000	1.983884E+0
0.0002528000000	1.983884E+0
0.0002536000000	1.983884E+0
0.0002544000000	1.983884E+0
0.0002552000000	1.983884E+0
0.0002560000000	1.983884E+0
0.0002568000000	1.983884E+0
0.0002576000000	1.983884E+0
0.0002584000000	1.983884E+0
0.0002592000000	1.983884E+0
0.0002600000000	1.983884E+0
0.0002608000000	1.983884E+0
0.0002616000000	1.983884E+0
0.0002624000000	1.983884E+0
0.0002632000000	1.983884E+0
0.0002640000000	1.983884E+0
0.0002648000000	1.940757E+0
0.0002656000000	1.983884E+0
0.0002664000000	1.983884E+0
0.0002672000000	1.983884E+0
0.0002680000000	1.983884E+0
0.0002688000000	1.983884E+0
0.0002696000000	1.983884E+0
0.0002704000000	1.983884E+0
0.0002712000000	1.983884E+0
0.0002720000000	1.983884E+0
0.0002728000000	1.983884E+0
0.0002736000000	1.897631E+0
0.0002744000000	1.983884E+0
0.0002752000000	1.983884E+0
0.0002760000000	1.983884E+0
0.0002768000000	1.983884E+0
0.0002776000000	1.983884E+0
0.0002784000000	1.983884E+0
0.0002792000000	1.983884E+0
0.0002800000000	1.983884E+0
0.0002808000000	1.983884E+0
0.0002816000000	1.983884E+0
0.0002824000000	1.983884E+0
0.0002832000000	1.983884E+0
0.0002840000000	1.940757E+0
0.0002848000000	1.940757E+0
0.0002856000000	1.983884E+0
0.0002864000000	1.983884E+0
0.0002872000000	1.983884E+0
0.0002880000000	1.983884E+0
0.0002888000000	1.983884E+0
0.0002896000000	1.983884E+0
0.0002904000000	1.983884E+0
0.0002912000000	1.983884E+0
0.0002920000000	1.983884E+0
0.0002928000000	1.983884E+0
0.0002936000000	1.940757E+0
0.0002944000000	1.983884E+0
0.0002952000000	1.983884E+0
0.0002960000000	1.983884E+0
0.0002968000000	2.027010E+0
0.0002976000000	1.983884E+0
0.0002984000000	1.983884E+0
0.0002992000000	1.983884E+0
0.0003000000000	1.983884E+0
0.0003008000000	1.983884E+0
0.0003016000000	1.983884E+0
0.0003024000000	1.983884E+0
0.0003032000000	1.983884E+0
0.0003040000000	1.983884E+0
0.0003048000000	1.983884E+0
0.0003056000000	1.983884E+0
0.0003064000000	1.983884E+0
0.0003072000000	1.983884E+0
0.0003080000000	1.983884E+0
0.0003088000000	1.983884E+0
0.0003096000000	1.983884E+0
0.0003104000000	1.983884E+0
0.0003112000000	1.940757E+0
0.0003120000000	1.983884E+0
0.0003128000000	1.983884E+0
0.0003136000000	1.983884E+0
0.0003144000000	1.983884E+0
0.0003152000000	1.983884E+0
0.0003160000000	1.940757E+0
0.0003168000000	1.983884E+0
0.0003176000000	1.983884E+0
0.0003184000000	1.983884E+0
0.0003192000000	1.940757E+0
0.0003200000000	1.983884E+0
0.0003208000000	1.983884E+0
0.0003216000000	1.983884E+0
0.0003224000000	1.983884E+0
0.0003232000000	1.983884E+0
0.0003240000000	1.983884E+0
0.0003248000000	1.940757E+0
0.0003256000000	1.983884E+0
0.0003264000000	1.983884E+0
0.0003272000000	1.983884E+0
0.0003280000000	1.983884E+0
0.0003288000000	1.983884E+0
0.0003296000000	1.983884E+0
0.0003304000000	1.940757E+0
0.0003312000000	1.983884E+0
0.0003320000000	1.983884E+0
0.0003328000000	1.983884E+0
0.0003336000000	1.983884E+0
0.0003344000000	1.983884E+0
0.0003352000000	1.940757E+0
0.0003360000000	1.983884E+0
0.0003368000000	1.983884E+0
0.0003376000000	1.940757E+0
0.0003384000000	1.983884E+0
0.0003392000000	1.940757E+0
0.0003400000000	1.983884E+0
0.0003408000000	1.983884E+0
0.0003416000000	1.983884E+0
0.0003424000000	1.983884E+0
0.0003432000000	1.983884E+0
0.0003440000000	1.983884E+0
0.0003448000000	1.983884E+0
0.0003456000000	1.983884E+0
0.0003464000000	1.940757E+0
0.0003472000000	1.983884E+0
0.0003480000000	1.983884E+0
0.0003488000000	1.940757E+0
0.0003496000000	1.983884E+0
0.0003504000000	1.983884E+0
0.0003512000000	1.940757E+0
0.0003520000000	1.940757E+0
0.0003528000000	1.983884E+0
0.0003536000000	1.983884E+0
0.0003544000000	1.940757E+0
0.0003552000000	1.983884E+0
0.0003560000000	1.983884E+0
0.0003568000000	1.983884E+0
0.0003576000000	1.983884E+0
0.0003584000000	1.983884E+0
0.0003592000000	1.983884E+0
0.0003600000000	1.983884E+0
0.0003608000000	1.940757E+0
0.0003616000000	1.983884E+0
0.0003624000000	1.983884E+0
0.0003632000000	1.940757E+0
0.0003640000000	1.983884E+0
0.0003648000000	1.983884E+0
0.0003656000000	1.983884E+0
0.0003664000000	1.983884E+0
0.0003672000000	2.027010E+0
0.0003680000000	1.940757E+0
0.0003688000000	1.983884E+0
0.0003696000000	1.983884E+0
0.0003704000000	1.983884E+0
0.0003712000000	1.940757E+0
0.0003720000000	1.983884E+0
0.0003728000000	1.983884E+0
0.0003736000000	1.983884E+0
0.0003744000000	1.983884E+0
0.0003752000000	1.983884E+0
0.0003760000000	1.940757E+0
0.0003768000000	1.940757E+0
0.0003776000000	1.983884E+0
0.0003784000000	1.983884E+0
0.0003792000000	1.983884E+0
0.0003800000000	1.940757E+0
0.0003808000000	1.983884E+0
0.0003816000000	1.983884E+0
0.0003824000000	1.983884E+0
0.0003832000000	1.983884E+0
0.0003840000000	1.983884E+0
0.0003848000000	1.983884E+0
0.0003856000000	1.983884E+0
0.0003864000000	1.983884E+0
0.0003872000000	1.983884E+0
0.0003880000000	1.983884E+0
0.0003888000000	1.983884E+0
0.0003896000000	1.983884E+0
0.0003904000000	1.983884E+0
0.0003912000000	1.983884E+0
0.0003920000000	1.983884E+0
0.0003928000000	1.983884E+0
0.0003936000000	1.983884E+0
0.0003944000000	1.983884E+0
0.0003952000000	1.940757E+0
0.0003960000000	1.983884E+0
0.0003968000000	1.983884E+0
0.0003976000000	1.983884E+0
0.0003984000000	1.983884E+0
0.0003992000000	1.983884E+0
0.0004000000000	1.983884E+0
0.0004008000000	1.983884E+0
0.0004016000000	1.983884E+0
0.0004024000000	1.983884E+0
0.0004032000000	1.940757E+0
0.0004040000000	1.983884E+0
0.0004048000000	1.983884E+0
0.0004056000000	1.983884E+0
0.0004064000000	1.983884E+0
0.0004072000000	1.983884E+0
0.0004080000000	2.027010E+0
0.0004088000000	1.983884E+0
0.0004096000000	1.983884E+0
0.0004104000000	1.983884E+0
0.0004112000000	1.983884E+0
0.0004120000000	1.983884E+0
0.0004128000000	1.983884E+0
0.0004136000000	1.983884E+0
0.0004144000000	1.983884E+0
0.0004152000000	1.983884E+0
0.0004160000000	1.983884E+0
0.0004168000000	1.983884E+0
0.0004176000000	1.983884E+0
0.0004184000000	1.983884E+0
0.0004192000000	1.983884E+0
0.0004200000000	1.983884E+0
0.0004208000000	1.983884E+0
0.0004216000000	1.983884E+0
0.0004224000000	1.983884E+0
0.0004232000000	1.983884E+0
0.0004240000000	1.983884E+0
0.0004248000000	1.983884E+0
0.0004256000000	1.983884E+0
0.0004264000000	1.983884E+0
0.0004272000000	1.983884E+0
0.0004280000000	1.983884E+0
0.0004288000000	1.983884E+0
0.0004296000000	1.983884E+0
0.0004304000000	1.983884E+0
0.0004312000000	1.983884E+0
0.0004320000000	1.983884E+0
0.0004328000000	1.983884E+0
0.0004336000000	1.983884E+0
0.0004344000000	1.983884E+0
0.0004352000000	1.983884E+0
0.0004360000000	1.983884E+0
0.0004368000000	1.983884E+0
0.0004376000000	1.983884E+0
0.0004384000000	1.983884E+0
0.0004392000000	1.983884E+0
0.0004400000000	1.940757E+0
0.0004408000000	1.983884E+0
0.0004416000000	1.983884E+0
0.0004424000000	1.940757E+0
0.0004432000000	1.983884E+0
0.0004440000000	1.983884E+0
0.0004448000000	1.983884E+0
0.0004456000000	1.983884E+0
0.0004464000000	1.983884E+0
0.0004472000000	1.983884E+0
0.0004480000000	1.983884E+0
0.0004488000000	1.983884E+0
0.0004496000000	1.983884E+0
0.0004504000000	1.983884E+0
0.0004512000000	1.983884E+0
0.0004520000000	1.983884E+0
0.0004528000000	1.983884E+0
0.0004536000000	1.983884E+0
0.0004544000000	1.983884E+0
0.0004552000000	1.940757E+0
0.0004560000000	1.983884E+0
0.0004568000000	1.983884E+0
0.0004576000000	1.983884E+0
0.0004584000000	1.983884E+0
0.0004592000000	1.983884E+0
0.0004600000000	1.983884E+0
0.0004608000000	1.983884E+0
0.0004616000000	1.983884E+0
0.0004624000000	1.940757E+0
0.0004632000000	1.983884E+0
0.0004640000000	1.983884E+0
0.0004648000000	1.983884E+0
0.0004656000000	1.983884E+0
0.0004664000000	1.983884E+0
0.0004672000000	1.983884E+0
0.0004680000000	1.983884E+0
0.0004688000000	1.940757E+0
0.0004696000000	1.983884E+0
0.0004704000000	1.940757E+0
0.0004712000000	1.983884E+0
0.0004720000000	1.983884E+0
0.0004728000000	1.983884E+0
0.0004736000000	1.983884E+0
0.0004744000000	1.983884E+0
0.0004752000000	1.983884E+0
0.0004760000000	1.983884E+0
0.0004768000000	1.983884E+0
0.0004776000000	1.983884E+0
0.0004784000000	1.983884E+0
0.0004792000000	1.940757E+0
0.0004800000000	1.983884E+0
0.0004808000000	1.983884E+0
0.0004816000000	1.940757E+0
0.0004824000000	1.983884E+0
0.0004832000000	1.983884E+0
0.0004840000000	1.983884E+0
0.0004848000000	1.940757E+0
0.0004856000000	1.983884E+0
0.0004864000000	2.070137E+0
0.0004872000000	1.940757E+0
0.0004880000000	1.983884E+0
0.0004888000000	1.983884E+0
0.0004896000000	1.940757E+0
0.0004904000000	1.940757E+0
0.0004912000000	1.983884E+0
0.0004920000000	1.983884E+0
0.0004928000000	1.983884E+0
0.0004936000000	1.983884E+0
0.0004944000000	1.983884E+0
0.0004952000000	1.983884E+0
0.0004960000000	1.983884E+0
0.0004968000000	1.983884E+0
0.0004976000000	1.983884E+0
0.0004984000000	1.983884E+0
0.0004992000000	1.983884E+0
0.0005000000000	1.121353E+0
0.0005008000000	4.313290E-1
0.0005016000000	8.631685E-2
0.0005024000000	4.319033E-2
0.0005032000000	6.380677E-5
0.0005040000000	6.380677E-5
0.0005048000000	6.380677E-5
0.0005056000000	6.380677E-5
0.0005064000000	6.380677E-5
0.0005072000000	6.380677E-5
0.0005080000000	6.380677E-5
0.0005088000000	6.380677E-5
0.0005096000000	6.380677E-5
0.0005104000000	4.319033E-2
0.0005112000000	6.380677E-5
0.0005120000000	6.380677E-5
0.0005128000000	6.380677E-5
0.0005136000000	6.380677E-5
0.0005144000000	6.380677E-5
0.0005152000000	6.380677E-5
0.0005160000000	-4.306272E-2
0.0005168000000	6.380677E-5
0.0005176000000	6.380677E-5
0.0005184000000	6.380677E-5
0.0005192000000	6.380677E-5
0.0005200000000	6.380677E-5
0.0005208000000	6.380677E-5
0.0005216000000	6.380677E-5
0.0005224000000	6.380677E-5
0.0005232000000	6.380677E-5
0.0005240000000	6.380677E-5
0.0005248000000	6.380677E-5
0.0005256000000	6.380677E-5
0.0005264000000	-4.306272E-2
0.0005272000000	6.380677E-5
0.0005280000000	6.380677E-5
0.0005288000000	6.380677E-5
0.0005296000000	6.380677E-5
0.0005304000000	6.380677E-5
0.0005312000000	6.380677E-5
0.0005320000000	6.380677E-5
0.0005328000000	6.380677E-5
0.0005336000000	6.380677E-5
0.0005344000000	6.380677E-5
0.0005352000000	6.380677E-5
0.0005360000000	6.380677E-5
0.0005368000000	4.319033E-2
0.0005376000000	6.380677E-5
0.0005384000000	6.380677E-5
0.0005392000000	6.380677E-5
0.0005400000000	6.380677E-5
0.0005408000000	6.380677E-5
0.0005416000000	-4.306272E-2
0.0005424000000	-4.306272E-2
0.0005432000000	6.380677E-5
0.0005440000000	6.380677E-5
0.0005448000000	6.380677E-5
0.0005456000000	6.380677E-5
0.0005464000000	6.380677E-5
0.0005472000000	6.380677E-5
0.0005480000000	6.380677E-5
0.0005488000000	6.380677E-5
0.0005496000000	6.380677E-5
0.0005504000000	6.380677E-5
0.0005512000000	6.380677E-5
0.0005520000000	6.380677E-5
0.0005528000000	6.380677E-5
0.0005536000000	6.380677E-5
0.0005544000000	6.380677E-5
0.0005552000000	6.380677E-5
0.0005560000000	6.380677E-5
0.0005568000000	4.319033E-2
0.0005576000000	6.380677E-5
0.0005584000000	6.380677E-5
0.0005592000000	6.380677E-5
0.0005600000000	6.380677E-5
0.0005608000000	6.380677E-5
0.0005616000000	6.380677E-5
0.0005624000000	6.380677E-5
0.0005632000000	6.380677E-5
0.0005640000000	6.380677E-5
0.0005648000000	6.380677E-5
0.0005656000000	6.380677E-5
0.0005664000000	-4.306272E-2
0.0005672000000	6.380677E-5
0.0005680000000	6.380677E-5
0.0005688000000	6.380677E-5
0.0005696000000	6.380677E-5
0.0005704000000	6.380677E-5
0.0005712000000	6.380677E-5
0.0005720000000	6.380677E-5
0.0005728000000	6.380677E-5
0.0005736000000	6.380677E-5
0.0005744000000	6.380677E-5
0.0005752000000	6.380677E-5
0.0005760000000	6.380677E-5
0.0005768000000	4.319033E-2
0.0005776000000	6.380677E-5
0.0005784000000	-4.306272E-2
0.0005792000000	6.380677E-5
0.0005800000000	6.380677E-5
0.0005808000000	6.380677E-5
0.0005816000000	6.380677E-5
0.0005824000000	6.380677E-5
0.0005832000000	6.380677E-5
0.0005840000000	6.380677E-5
0.0005848000000	6.380677E-5
0.0005856000000	6.380677E-5
0.0005864000000	6.380677E-5
0.0005872000000	6.380677E-5
0.0005880000000	6.380677E-5
0.0005888000000	6.380677E-5
0.0005896000000	6.380677E-5
0.0005904000000	-4.306272E-2
0.0005912000000	6.380677E-5
0.0005920000000	6.380677E-5
0.0005928000000	6.380677E-5
0.0005936000000	6.380677E-5
0.0005944000000	6.380677E-5
0.0005952000000	6.380677E-5
0.0005960000000	6.380677E-5
0.0005968000000	4.319033E-2
0.0005976000000	6.380677E-5
0.0005984000000	6.380677E-5
0.0005992000000	6.380677E-5
0.0006000000000	6.380677E-5
0.0006008000000	6.380677E-5
0.0006016000000	6.380677E-5
0.0006024000000	6.380677E-5
0.0006032000000	6.380677E-5
0.0006040000000	6.380677E-5
0.0006048000000	-4.306272E-2
0.0006056000000	6.380677E-5
0.0006064000000	6.380677E-5
0.0006072000000	6.380677E-5
0.0006080000000	6.380677E-5
0.0006088000000	6.380677E-5
0.0006096000000	6.380677E-5
0.0006104000000	6.380677E-5
0.0006112000000	6.380677E-5
0.0006120000000	6.380677E-5
0.0006128000000	6.380677E-5
0.0006136000000	6.380677E-5
0.0006144000000	6.380677E-5
0.0006152000000	6.380677E-5
0.0006160000000	6.380677E-5
0.0006168000000	4.319033E-2
0.0006176000000	-4.306272E-2
0.0006184000000	-4.306272E-2
0.0006192000000	6.380677E-5
0.0006200000000	6.380677E-5
0.0006208000000	6.380677E-5
0.0006216000000	6.380677E-5
0.0006224000000	-4.306272E-2
0.0006232000000	6.380677E-5
0.0006240000000	6.380677E-5
0.0006248000000	6.380677E-5
0.0006256000000	6.380677E-5
0.0006264000000	6.380677E-5
0.0006272000000	6.380677E-5
0.0006280000000	-8.618924E-2
0.0006288000000	6.380677E-5
0.0006296000000	6.380677E-5
0.0006304000000	6.380677E-5
0.0006312000000	6.380677E-5
0.0006320000000	6.380677E-5
0.0006328000000	6.380677E-5
0.0006336000000	6.380677E-5
0.0006344000000	-4.306272E-2
0.0006352000000	6.380677E-5
0.0006360000000	-4.306272E-2
0.0006368000000	6.380677E-5
0.0006376000000	6.380677E-5
0.0006384000000	6.380677E-5
0.0006392000000	-8.618924E-2
0.0006400000000	-4.306272E-2
0.0006408000000	6.380677E-5
0.0006416000000	6.380677E-5
0.0006424000000	6.380677E-5
0.0006432000000	6.380677E-5
0.0006440000000	6.380677E-5
0.0006448000000	6.380677E-5
0.0006456000000	-4.306272E-2
0.0006464000000	6.380677E-5
0.0006472000000	6.380677E-5
0.0006480000000	-4.306272E-2
0.0006488000000	6.380677E-5
0.0006496000000	6.380677E-5
0.0006504000000	6.380677E-5
0.0006512000000	6.380677E-5
0.0006520000000	6.380677E-5
0.0006528000000	-8.618924E-2
0.0006536000000	6.380677E-5
0.0006544000000	6.380677E-5
0.0006552000000	6.380677E-5
0.0006560000000	6.380677E-5
0.0006568000000	6.380677E-5
0.0006576000000	6.380677E-5
0.0006584000000	6.380677E-5
0.0006592000000	-4.306272E-2
0.0006600000000	6.380677E-5
0.0006608000000	6.380677E-5
0.0006616000000	8.631685E-2
0.0006624000000	6.380677E-5
0.0006632000000	6.380677E-5
0.0006640000000	-4.306272E-2
0.0006648000000	6.380677E-5
0.0006656000000	6.380677E-5
0.0006664000000	6.380677E-5
0.0006672000000	6.380677E-5
0.0006680000000	6.380677E-5
0.0006688000000	6.380677E-5
0.0006696000000	6.380677E-5
0.0006704000000	6.380677E-5
0.0006712000000	6.380677E-5
0.0006720000000	6.380677E-5
0.0006728000000	6.380677E-5
0.0006736000000	6.380677E-5
0.0006744000000	6.380677E-5
0.0006752000000	6.380677E-5
0.0006760000000	6.380677E-5
0.0006768000000	6.380677E-5
0.0006776000000	6.380677E-5
0.0006784000000	-4.306272E-2
0.0006792000000	6.380677E-5
0.0006800000000	6.380677E-5
0.0006808000000	6.380677E-5
0.0006816000000	6.380677E-5
0.0006824000000	6.380677E-5
0.0006832000000	6.380677E-5
0.0006840000000	6.380677E-5
0.0006848000000	6.380677E-5
0.0006856000000	6.380677E-5
0.0006864000000	6.380677E-5
0.0006872000000	6.380677E-5
0.0006880000000	6.380677E-5
0.0006888000000	6.380677E-5
0.0006896000000	6.380677E-5
0.0006904000000	6.380677E-5
0.0006912000000	6.380677E-5
0.0006920000000	6.380677E-5
0.0006928000000	6.380677E-5
0.0006936000000	6.380677E-5
0.0006944000000	6.380677E-5
0.0006952000000	6.380677E-5
0.0006960000000	6.380677E-5
0.0006968000000	6.380677E-5
0.0006976000000	6.380677E-5
0.0006984000000	6.380677E-5
0.0006992000000	6.380677E-5
0.0007000000000	6.380677E-5
0.0007008000000	6.380677E-5
0.0007016000000	6.380677E-5
0.0007024000000	6.380677E-5
0.0007032000000	-4.306272E-2
0.0007040000000	6.380677E-5
0.0007048000000	6.380677E-5
0.0007056000000	6.380677E-5
0.0007064000000	6.380677E-5
0.0007072000000	-4.306272E-2
0.0007080000000	-4.306272E-2
0.0007088000000	6.380677E-5
0.0007096000000	6.380677E-5
0.0007104000000	6.380677E-5
0.0007112000000	6.380677E-5
0.0007120000000	6.380677E-5
0.0007128000000	6.380677E-5
0.0007136000000	6.380677E-5
0.0007144000000	6.380677E-5
0.0007152000000	6.380677E-5
0.0007160000000	4.319033E-2
0.0007168000000	-4.306272E-2
0.0007176000000	6.380677E-5
0.0007184000000	6.380677E-5
0.0007192000000	6.380677E-5
0.0007200000000	-4.306272E-2
0.0007208000000	6.380677E-5
0.0007216000000	6.380677E-5
0.0007224000000	6.380677E-5
0.0007232000000	6.380677E-5
0.0007240000000	6.380677E-5
0.0007248000000	6.380677E-5
0.0007256000000	6.380677E-5
0.0007264000000	-4.306272E-2
0.0007272000000	-8.618924E-2
0.0007280000000	6.380677E-5
0.0007288000000	6.380677E-5
0.0007296000000	6.380677E-5
0.0007304000000	6.380677E-5
0.0007312000000	6.380677E-5
0.0007320000000	-4.306272E-2
0.0007328000000	6.380677E-5
0.0007336000000	6.380677E-5
0.0007344000000	6.380677E-5
0.0007352000000	6.380677E-5
0.0007360000000	6.380677E-5
0.0007368000000	-8.618924E-2
0.0007376000000	6.380677E-5
0.0007384000000	6.380677E-5
0.0007392000000	6.380677E-5
0.0007400000000	6.380677E-5
0.0007408000000	6.380677E-5
0.0007416000000	6.380677E-5
0.0007424000000	6.380677E-5
0.0007432000000	6.380677E-5
0.0007440000000	6.380677E-5
0.0007448000000	6.380677E-5
0.0007456000000	-4.306272E-2
0.0007464000000	6.380677E-5
0.0007472000000	6.380677E-5
0.0007480000000	6.380677E-5
0.0007488000000	6.380677E-5
0.0007496000000	-4.306272E-2
0.0007504000000	-4.306272E-2
0.0007512000000	6.380677E-5
0.0007520000000	6.380677E-5
0.0007528000000	6.380677E-5
0.0007536000000	6.380677E-5
0.0007544000000	6.380677E-5
0.0007552000000	-8.618924E-2
0.0007560000000	6.380677E-5
0.0007568000000	6.380677E-5
0.0007576000000	-4.306272E-2
0.0007584000000	6.380677E-5
0.0007592000000	6.380677E-5
0.0007600000000	6.380677E-5
0.0007608000000	6.380677E-5
0.0007616000000	6.380677E-5
0.0007624000000	6.380677E-5
0.0007632000000	6.380677E-5
0.0007640000000	6.380677E-5
0.0007648000000	6.380677E-5
0.0007656000000	6.380677E-5
0.0007664000000	6.380677E-5
0.0007672000000	6.380677E-5
0.0007680000000	6.380677E-5
0.0007688000000	4.319033E-2
0.0007696000000	-4.306272E-2
0.0007704000000	6.380677E-5
0.0007712000000	-4.306272E-2
0.0007720000000	6.380677E-5
0.0007728000000	-4.306272E-2
0.0007736000000	6.380677E-5
0.0007744000000	6.380677E-5
0.0007752000000	6.380677E-5
0.0007760000000	-8.618924E-2
0.0007768000000	6.380677E-5
0.0007776000000	6.380677E-5
0.0007784000000	-4.306272E-2
0.0007792000000	6.380677E-5
0.0007800000000	6.380677E-5
0.0007808000000	6.380677E-5
0.0007816000000	6.380677E-5
0.0007824000000	6.380677E-5
0.0007832000000	6.380677E-5
0.0007840000000	6.380677E-5
0.0007848000000	-4.306272E-2
0.0007856000000	-4.306272E-2
0.0007864000000	6.380677E-5
0.0007872000000	6.380677E-5
0.0007880000000	6.380677E-5
0.0007888000000	6.380677E-5
0.0007896000000	6.380677E-5
0.0007904000000	6.380677E-5
0.0007912000000	6.380677E-5
0.0007920000000	6.380677E-5
0.0007928000000	6.380677E-5
0.0007936000000	6.380677E-5
0.0007944000000	-4.306272E-2
0.0007952000000	6.380677E-5
0.0007960000000	6.380677E-5
0.0007968000000	6.380677E-5
0.0007976000000	6.380677E-5
0.0007984000000	6.380677E-5
0.0007992000000	6.380677E-5
0.0008000000000	6.380677E-5
0.0008008000000	6.380677E-5
0.0008016000000	6.380677E-5
0.0008024000000	6.380677E-5
0.0008032000000	6.380677E-5
0.0008040000000	6.380677E-5
0.0008048000000	6.380677E-5
0.0008056000000	-4.306272E-2
0.0008064000000	6.380677E-5
0.0008072000000	6.380677E-5
0.0008080000000	4.319033E-2
0.0008088000000	6.380677E-5
0.0008096000000	-4.306272E-2
0.0008104000000	6.380677E-5
0.0008112000000	6.380677E-5
0.0008120000000	6.380677E-5
0.0008128000000	6.380677E-5
0.0008136000000	6.380677E-5
0.0008144000000	-4.306272E-2
0.0008152000000	-1.293158E-1
0.0008160000000	6.380677E-5
0.0008168000000	6.380677E-5
0.0008176000000	6.380677E-5
0.0008184000000	6.380677E-5
0.0008192000000	-4.306272E-2
0.0008200000000	6.380677E-5
0.0008208000000	6.380677E-5
0.0008216000000	6.380677E-5
0.0008224000000	6.380677E-5
0.0008232000000	6.380677E-5
0.0008240000000	-4.306272E-2
0.0008248000000	6.380677E-5
0.0008256000000	6.380677E-5
0.0008264000000	6.380677E-5
0.0008272000000	6.380677E-5
0.0008280000000	6.380677E-5
0.0008288000000	6.380677E-5
0.0008296000000	-4.306272E-2
0.0008304000000	-4.306272E-2
0.0008312000000	6.380677E-5
0.0008320000000	6.380677E-5
0.0008328000000	6.380677E-5
0.0008336000000	6.380677E-5
0.0008344000000	6.380677E-5
0.0008352000000	6.380677E-5
0.0008360000000	-8.618924E-2
0.0008368000000	6.380677E-5
0.0008376000000	-4.306272E-2
0.0008384000000	6.380677E-5
0.0008392000000	6.380677E-5
0.0008400000000	6.380677E-5
0.0008408000000	6.380677E-5
0.0008416000000	6.380677E-5
0.0008424000000	6.380677E-5
0.0008432000000	6.380677E-5
0.0008440000000	6.380677E-5
0.0008448000000	6.380677E-5
0.0008456000000	-8.618924E-2
0.0008464000000	-4.306272E-2
0.0008472000000	6.380677E-5
0.0008480000000	-4.306272E-2
0.0008488000000	6.380677E-5
0.0008496000000	6.380677E-5
0.0008504000000	-4.306272E-2
0.0008512000000	-4.306272E-2
0.0008520000000	6.380677E-5
0.0008528000000	6.380677E-5
0.0008536000000	6.380677E-5
0.0008544000000	6.380677E-5
0.0008552000000	-4.306272E-2
0.0008560000000	6.380677E-5
0.0008568000000	6.380677E-5
0.0008576000000	6.380677E-5
0.0008584000000	6.380677E-5
0.0008592000000	-4.306272E-2
0.0008600000000	6.380677E-5
0.0008608000000	-4.306272E-2
0.0008616000000	-4.306272E-2
0.0008624000000	6.380677E-5
0.0008632000000	6.380677E-5
0.0008640000000	6.380677E-5
0.0008648000000	6.380677E-5
0.0008656000000	6.380677E-5
0.0008664000000	-4.306272E-2
0.0008672000000	-4.306272E-2
0.0008680000000	6.380677E-5
0.0008688000000	-4.306272E-2
0.0008696000000	6.380677E-5
0.0008704000000	6.380677E-5
0.0008712000000	-4.306272E-2
0.0008720000000	-4.306272E-2
0.0008728000000	6.380677E-5
0.0008736000000	-4.306272E-2
0.0008744000000	-4.306272E-2
0.0008752000000	6.380677E-5
0.0008760000000	6.380677E-5
0.0008768000000	-4.306272E-2
0.0008776000000	6.380677E-5
0.0008784000000	-4.306272E-2
0.0008792000000	6.380677E-5
0.0008800000000	6.380677E-5
0.0008808000000	6.380677E-5
0.0008816000000	-4.306272E-2
0.0008824000000	-4.306272E-2
0.0008832000000	-1.293158E-1
0.0008840000000	-4.306272E-2
0.0008848000000	6.380677E-5
0.0008856000000	6.380677E-5
0.0008864000000	6.380677E-5
0.0008872000000	6.380677E-5
0.0008880000000	6.380677E-5
0.0008888000000	6.380677E-5
0.0008896000000	6.380677E-5
0.0008904000000	6.380677E-5
0.0008912000000	6.380677E-5
0.0008920000000	6.380677E-5
0.0008928000000	-4.306272E-2
0.0008936000000	-4.306272E-2
0.0008944000000	-4.306272E-2
0.0008952000000	6.380677E-5
0.0008960000000	6.380677E-5
0.0008968000000	6.380677E-5
0.0008976000000	-4.306272E-2
0.0008984000000	6.380677E-5
0.0008992000000	-4.306272E-2
0.0009000000000	6.380677E-5
0.0009008000000	-4.306272E-2
0.0009016000000	-4.306272E-2
0.0009024000000	6.380677E-5
0.0009032000000	-4.306272E-2
0.0009040000000	6.380677E-5
0.0009048000000	6.380677E-5
0.0009056000000	6.380677E-5
0.0009064000000	6.380677E-5
0.0009072000000	6.380677E-5
0.0009080000000	6.380677E-5
0.0009088000000	6.380677E-5
0.0009096000000	6.380677E-5
0.0009104000000	6.380677E-5
0.0009112000000	-4.306272E-2
0.0009120000000	6.380677E-5
0.0009128000000	6.380677E-5
0.0009136000000	6.380677E-5
0.0009144000000	-4.306272E-2
0.0009152000000	-4.306272E-2
0.0009160000000	-4.306272E-2
0.0009168000000	-4.306272E-2
0.0009176000000	6.380677E-5
0.0009184000000	6.380677E-5
0.0009192000000	-4.306272E-2
0.0009200000000	6.380677E-5
0.0009208000000	6.380677E-5
0.0009216000000	6.380677E-5
0.0009224000000	6.380677E-5
0.0009232000000	-1.293158E-1
0.0009240000000	6.380677E-5
0.0009248000000	6.380677E-5
0.0009256000000	-4.306272E-2
0.0009264000000	-4.306272E-2
0.0009272000000	-4.306272E-2
0.0009280000000	6.380677E-5
0.0009288000000	6.380677E-5
0.0009296000000	6.380677E-5
0.0009304000000	6.380677E-5
0.0009312000000	6.380677E-5
0.0009320000000	6.380677E-5
0.0009328000000	6.380677E-5
0.0009336000000	6.380677E-5
0.0009344000000	6.380677E-5
0.0009352000000	6.380677E-5
0.0009360000000	6.380677E-5
0.0009368000000	-8.618924E-2
0.0009376000000	6.380677E-5
0.0009384000000	6.380677E-5
0.0009392000000	-4.306272E-2
0.0009400000000	6.380677E-5
0.0009408000000	6.380677E-5
0.0009416000000	6.380677E-5
0.0009424000000	6.380677E-5
0.0009432000000	6.380677E-5
0.0009440000000	-8.618924E-2
0.0009448000000	6.380677E-5
0.0009456000000	6.380677E-5
0.0009464000000	6.380677E-5
0.0009472000000	-4.306272E-2
0.0009480000000	6.380677E-5
0.0009488000000	6.380677E-5
0.0009496000000	6.380677E-5
0.0009504000000	6.380677E-5
0.0009512000000	-4.306272E-2
0.0009520000000	6.380677E-5
0.0009528000000	6.380677E-5
0.0009536000000	6.380677E-5
0.0009544000000	6.380677E-5
0.0009552000000	-4.306272E-2
0.0009560000000	6.380677E-5
0.0009568000000	-4.306272E-2
0.0009576000000	6.380677E-5
0.0009584000000	-4.306272E-2
0.0009592000000	6.380677E-5
0.0009600000000	6.380677E-5
0.0009608000000	6.380677E-5
0.0009616000000	6.380677E-5
0.0009624000000	4.319033E-2
0.0009632000000	6.380677E-5
0.0009640000000	6.380677E-5
0.0009648000000	6.380677E-5
0.0009656000000	6.380677E-5
0.0009664000000	6.380677E-5
0.0009672000000	-4.306272E-2
0.0009680000000	6.380677E-5
0.0009688000000	6.380677E-5
0.0009696000000	6.380677E-5
0.0009704000000	6.380677E-5
0.0009712000000	6.380677E-5
0.0009720000000	6.380677E-5
0.0009728000000	6.380677E-5
0.0009736000000	-8.618924E-2
0.0009744000000	6.380677E-5
0.0009752000000	6.380677E-5
0.0009760000000	-4.306272E-2
0.0009768000000	-4.306272E-2
0.0009776000000	6.380677E-5
0.0009784000000	6.380677E-5
0.0009792000000	6.380677E-5
0.0009800000000	6.380677E-5
0.0009808000000	6.380677E-5
0.0009816000000	-4.306272E-2
0.0009824000000	6.380677E-5
0.0009832000000	-4.306272E-2
0.0009840000000	6.380677E-5
0.0009848000000	6.380677E-5
0.0009856000000	-4.306272E-2
0.0009864000000	6.380677E-5
0.0009872000000	6.380677E-5
0.0009880000000	6.380677E-5
0.0009888000000	6.380677E-5
0.0009896000000	6.380677E-5
0.0009904000000	6.380677E-5
0.0009912000000	6.380677E-5
0.0009920000000	6.380677E-5
0.0009928000000	6.380677E-5
0.0009936000000	6.380677E-5
0.0009944000000	-4.306272E-2
0.0009952000000	6.380677E-5
0.0009960000000	6.380677E-5
0.0009968000000	6.380677E-5
0.0009976000000	6.380677E-5
0.0009984000000	6.380677E-5
0.0009992000000	6.380677E-5
0.0010000000000	1.380113E+0
0.0010008000000	1.725125E+0
0.0010016000000	1.940757E+0
0.0010024000000	1.897631E+0
0.0010032000000	1.940757E+0
0.0010040000000	1.940757E+0
0.0010048000000	1.940757E+0
0.0010056000000	1.940757E+0
0.0010064000000	1.940757E+0
0.0010072000000	1.940757E+0
0.0010080000000	1.940757E+0
0.0010088000000	1.983884E+0
0.0010096000000	1.983884E+0
0.0010104000000	1.983884E+0
0.0010112000000	1.940757E+0
0.0010120000000	1.940757E+0
0.0010128000000	1.940757E+0
0.0010136000000	1.983884E+0
0.0010144000000	1.983884E+0
0.0010152000000	1.940757E+0
0.0010160000000	1.983884E+0
0.0010168000000	1.983884E+0
0.0010176000000	1.983884E+0
0.0010184000000	1.983884E+0
0.0010192000000	1.983884E+0
0.0010200000000	1.983884E+0
0.0010208000000	1.983884E+0
0.0010216000000	1.940757E+0
0.0010224000000	1.983884E+0
0.0010232000000	1.983884E+0
0.0010240000000	1.983884E+0
0.0010248000000	1.983884E+0
0.0010256000000	1.940757E+0
0.0010264000000	1.983884E+0
0.0010272000000	1.983884E+0
0.0010280000000	1.940757E+0
0.0010288000000	1.940757E+0
0.0010296000000	1.983884E+0
0.0010304000000	1.983884E+0
0.0010312000000	1.940757E+0
0.0010320000000	1.983884E+0
0.0010328000000	1.983884E+0
0.0010336000000	1.983884E+0
0.0010344000000	1.983884E+0
0.0010352000000	1.983884E+0
0.0010360000000	1.983884E+0
0.0010368000000	1.940757E+0
0.0010376000000	1.983884E+0
0.0010384000000	1.983884E+0
0.0010392000000	1.983884E+0
0.0010400000000	1.983884E+0
0.0010408000000	1.940757E+0
0.0010416000000	1.940757E+0
0.0010424000000	1.940757E+0
0.0010432000000	1.983884E+0
0.0010440000000	1.940757E+0
0.0010448000000	1.983884E+0
0.0010456000000	1.983884E+0
0.0010464000000	1.983884E+0
0.0010472000000	1.940757E+0
0.0010480000000	1.983884E+0
0.0010488000000	1.940757E+0
0.0010496000000	1.983884E+0
0.0010504000000	1.983884E+0
0.0010512000000	1.983884E+0
0.0010520000000	1.983884E+0
0.0010528000000	1.940757E+0
0.0010536000000	1.983884E+0
0.0010544000000	1.983884E+0
0.0010552000000	1.983884E+0
0.0010560000000	1.940757E+0
0.0010568000000	1.983884E+0
0.0010576000000	1.983884E+0
0.0010584000000	1.983884E+0
0.0010592000000	1.983884E+0
0.0010600000000	1.983884E+0
0.0010608000000	1.940757E+0
0.0010616000000	1.983884E+0
0.0010624000000	1.983884E+0
0.0010632000000	2.027010E+0
0.0010640000000	1.983884E+0
0.0010648000000	1.983884E+0
0.0010656000000	1.940757E+0
0.0010664000000	1.983884E+0
0.0010672000000	1.983884E+0
0.0010680000000	1.983884E+0
0.0010688000000	1.983884E+0
0.0010696000000	1.983884E+0
0.0010704000000	1.983884E+0
0.0010712000000	1.983884E+0
0.0010720000000	1.983884E+0
0.0010728000000	1.983884E+0
0.0010736000000	1.983884E+0
0.0010744000000	1.983884E+0
0.0010752000000	1.983884E+0
0.0010760000000	1.983884E+0
0.0010768000000	1.940757E+0
0.0010776000000	1.983884E+0
0.0010784000000	1.940757E+0
0.0010792000000	1.983884E+0
0.0010800000000	1.983884E+0
0.0010808000000	1.983884E+0
0.0010816000000	1.983884E+0
0.0010824000000	1.983884E+0
0.0010832000000	1.983884E+0
0.0010840000000	1.983884E+0
0.0010848000000	1.983884E+0
0.0010856000000	1.983884E+0
0.0010864000000	1.983884E+0
0.0010872000000	1.983884E+0
0.0010880000000	1.983884E+0
0.0010888000000	1.983884E+0
0.0010896000000	1.983884E+0
0.0010904000000	1.983884E+0
0.0010912000000	1.983884E+0
0.0010920000000	1.983884E+0
0.0010928000000	1.983884E+0
0.0010936000000	1.983884E+0
0.0010944000000	1.983884E+0
0.0010952000000	1.983884E+0
0.0010960000000	1.983884E+0
0.0010968000000	1.983884E+0
0.0010976000000	1.983884E+0
0.0010984000000	1.983884E+0
0.0010992000000	1.983884E+0
0.0011000000000	1.983884E+0
0.0011008000000	1.983884E+0
0.0011016000000	1.983884E+0
0.0011024000000	1.983884E+0
0.0011032000000	1.983884E+0
0.0011040000000	1.983884E+0
0.0011048000000	1.940757E+0
0.0011056000000	1.983884E+0
0.0011064000000	1.983884E+0
0.0011072000000	1.983884E+0
0.0011080000000	1.983884E+0
0.0011088000000	1.983884E+0
0.0011096000000	1.983884E+0
0.0011104000000	1.983884E+0
0.0011112000000	1.983884E+0
0.0011120000000	1.983884E+0
0.0011128000000	1.983884E+0
0.0011136000000	1.983884E+0
0.0011144000000	1.983884E+0
0.0011152000000	2.027010E+0
0.0011160000000	1.983884E+0
0.0011168000000	1.983884E+0
0.0011176000000	1.983884E+0
0.0011184000000	1.940757E+0
0.0011192000000	1.983884E+0
0.0011200000000	1.983884E+0
0.0011208000000	1.983884E+0
0.0011216000000	1.983884E+0
0.0011224000000	1.983884E+0
0.0011232000000	1.983884E+0
0.0011240000000	1.983884E+0
0.0011248000000	1.983884E+0
0.0011256000000	1.983884E+0
0.0011264000000	1.983884E+0
0.0011272000000	1.983884E+0
0.0011280000000	1.983884E+0
0.0011288000000	1.983884E+0
0.0011296000000	1.983884E+0
0.0011304000000	1.983884E+0
0.0011312000000	1.983884E+0
0.0011320000000	1.983884E+0
0.0011328000000	2.027010E+0
0.0011336000000	1.983884E+0
0.0011344000000	1.983884E+0
0.0011352000000	1.983884E+0
0.0011360000000	1.940757E+0
0.0011368000000	1.983884E+0
0.0011376000000	1.983884E+0
0.0011384000000	1.983884E+0
0.0011392000000	1.983884E+0
0.0011400000000	1.983884E+0
0.0011408000000	1.983884E+0
0.0011416000000	1.940757E+0
0.0011424000000	1.983884E+0
0.0011432000000	1.983884E+0
0.0011440000000	1.983884E+0
0.0011448000000	1.983884E+0
0.0011456000000	1.983884E+0
0.0011464000000	1.983884E+0
0.0011472000000	1.983884E+0
0.0011480000000	1.983884E+0
0.0011488000000	1.983884E+0
0.0011496000000	1.983884E+0
0.0011504000000	1.983884E+0
0.0011512000000	1.983884E+0
0.0011520000000	1.983884E+0
0.0011528000000	1.983884E+0
0.0011536000000	1.983884E+0
0.0011544000000	1.983884E+0
0.0011552000000	1.983884E+0
0.0011560000000	1.983884E+0
0.0011568000000	1.983884E+0
0.0011576000000	2.070137E+0
0.0011584000000	1.983884E+0
0.0011592000000	1.983884E+0
0.0011600000000	1.983884E+0
0.0011608000000	1.983884E+0
0.0011616000000	1.983884E+0
0.0011624000000	1.983884E+0
0.0011632000000	1.983884E+0
0.0011640000000	1.983884E+0
0.0011648000000	1.983884E+0
0.0011656000000	1.983884E+0
0.0011664000000	1.983884E+0
0.0011672000000	1.983884E+0
0.0011680000000	1.983884E+0
0.0011688000000	1.983884E+0
0.0011696000000	1.983884E+0
0.0011704000000	1.983884E+0
0.0011712000000	1.983884E+0
0.0011720000000	1.983884E+0
0.0011728000000	2.027010E+0
0.0011736000000	1.983884E+0
0.0011744000000	1.983884E+0
0.0011752000000	1.983884E+0
0.0011760000000	1.983884E+0
0.0011768000000	1.983884E+0
0.0011776000000	2.027010E+0
0.0011784000000	1.983884E+0
0.0011792000000	1.983884E+0
0.0011800000000	1.983884E+0
0.0011808000000	1.983884E+0
0.0011816000000	1.983884E+0
0.0011824000000	1.983884E+0
0.0011832000000	1.983884E+0
0.0011840000000	1.983884E+0
0.0011848000000	1.983884E+0
0.0011856000000	1.983884E+0
0.0011864000000	1.983884E+0
0.0011872000000	1.983884E+0
0.0011880000000	1.983884E+0
0.0011888000000	1.983884E+0
0.0011896000000	1.983884E+0
0.0011904000000	1.983884E+0
0.0011912000000	1.983884E+0
0.0011920000000	1.983884E+0
0.0011928000000	2.027010E+0
0.0011936000000	1.983884E+0
0.0011944000000	1.983884E+0
0.0011952000000	1.983884E+0
0.0011960000000	1.983884E+0
0.0011968000000	1.983884E+0
0.0011976000000	2.027010E+0
0.0011984000000	1.983884E+0
0.0011992000000	1.983884E+0
0.0012000000000	1.983884E+0
0.0012008000000	1.983884E+0
0.0012016000000	1.983884E+0
0.0012024000000	1.983884E+0
0.0012032000000	1.983884E+0
0.0012040000000	1.983884E+0
0.0012048000000	1.983884E+0
0.0012056000000	1.983884E+0
0.0012064000000	1.983884E+0
0.0012072000000	1.983884E+0
0.0012080000000	1.983884E+0
0.0012088000000	1.983884E+0
0.0012096000000	1.983884E+0
0.0012104000000	1.983884E+0
0.0012112000000	1.983884E+0
0.0012120000000	1.983884E+0
0.0012128000000	1.983884E+0
0.0012136000000	1.983884E+0
0.0012144000000	1.983884E+0
0.0012152000000	1.983884E+0
0.0012160000000	1.983884E+0
0.0012168000000	1.983884E+0
0.0012176000000	1.983884E+0
0.0012184000000	1.983884E+0
0.0012192000000	1.983884E+0
0.0012200000000	1.983884E+0
0.0012208000000	1.983884E+0
0.0012216000000	1.983884E+0
0.0012224000000	1.983884E+0
0.0012232000000	1.983884E+0
0.0012240000000	1.983884E+0
0.0012248000000	1.983884E+0
0.0012256000000	1.983884E+0
0.0012264000000	1.983884E+0
0.0012272000000	1.983884E+0
0.0012280000000	1.983884E+0
0.0012288000000	1.983884E+0
0.0012296000000	1.983884E+0
0.0012304000000	1.940757E+0
0.0012312000000	1.983884E+0
0.0012320000000	1.983884E+0
0.0012328000000	1.983884E+0
0.0012336000000	1.983884E+0
0.0012344000000	1.983884E+0
0.0012352000000	2.027010E+0
0.0012360000000	1.983884E+0
0.0012368000000	1.983884E+0
0.0012376000000	1.983884E+0
0.0012384000000	1.983884E+0
0.0012392000000	1.983884E+0
0.0012400000000	1.983884E+0
0.0012408000000	1.983884E+0
0.0012416000000	1.940757E+0
0.0012424000000	1.983884E+0
0.0012432000000	1.983884E+0
0.0012440000000	1.940757E+0
0.0012448000000	1.983884E+0
0.0012456000000	1.983884E+0
0.0012464000000	1.983884E+0
0.0012472000000	1.983884E+0
0.0012480000000	2.070137E+0
0.0012488000000	1.983884E+0
0.0012496000000	1.983884E+0
0.0012504000000	1.983884E+0
0.0012512000000	1.983884E+0
0.0012520000000	1.983884E+0
0.0012528000000	1.983884E+0
0.0012536000000	1.983884E+0
0.0012544000000	1.983884E+0
0.0012552000000	1.983884E+0
0.0012560000000	1.983884E+0
0.0012568000000	1.983884E+0
0.0012576000000	1.983884E+0
0.0012584000000	1.983884E+0
0.0012592000000	1.940757E+0
0.0012600000000	1.983884E+0
0.0012608000000	1.983884E+0
0.0012616000000	1.983884E+0
0.0012624000000	1.983884E+0
0.0012632000000	1.983884E+0
0.0012640000000	1.983884E+0
0.0012648000000	1.983884E+0
0.0012656000000	1.983884E+0
0.0012664000000	1.983884E+0
0.0012672000000	1.983884E+0
0.0012680000000	2.070137E+0
0.0012688000000	1.983884E+0
0.0012696000000	1.983884E+0
0.0012704000000	1.983884E+0
0.0012712000000	1.983884E+0
0.0012720000000	1.983884E+0
0.0012728000000	1.983884E+0
0.0012736000000	1.983884E+0
0.0012744000000	1.983884E+0
0.0012752000000	1.983884E+0
0.0012760000000	1.983884E+0
0.0012768000000	1.983884E+0
0.0012776000000	1.983884E+0
0.0012784000000	1.983884E+0
0.0012792000000	1.983884E+0
0.0012800000000	1.983884E+0
0.0012808000000	1.983884E+0
0.0012816000000	1.983884E+0
0.0012824000000	1.983884E+0
0.0012832000000	1.940757E+0
0.0012840000000	1.983884E+0
0.0012848000000	1.983884E+0
0.0012856000000	1.983884E+0
0.0012864000000	1.983884E+0
0.0012872000000	1.983884E+0
0.0012880000000	1.983884E+0
0.0012888000000	1.983884E+0
0.0012896000000	1.983884E+0
0.0012904000000	1.983884E+0
0.0012912000000	1.983884E+0
0.0012920000000	1.983884E+0
0.0012928000000	1.983884E+0
0.0012936000000	1.983884E+0
0.0012944000000	1.983884E+0
0.0012952000000	1.983884E+0
0.0012960000000	1.983884E+0
0.0012968000000	1.983884E+0
0.0012976000000	1.983884E+0
0.0012984000000	1.983884E+0
0.0012992000000	1.983884E+0
0.0013000000000	1.983884E+0
0.0013008000000	1.983884E+0
0.0013016000000	1.983884E+0
0.0013024000000	1.983884E+0
0.0013032000000	1.983884E+0
0.0013040000000	1.983884E+0
0.0013048000000	1.983884E+0
0.0013056000000	1.983884E+0
0.0013064000000	1.983884E+0
0.0013072000000	2.027010E+0
0.0013080000000	1.983884E+0
0.0013088000000	1.983884E+0
0.0013096000000	1.983884E+0
0.0013104000000	1.983884E+0
0.0013112000000	1.940757E+0
0.0013120000000	1.983884E+0
0.0013128000000	1.983884E+0
0.0013136000000	1.940757E+0
0.0013144000000	1.983884E+0
0.0013152000000	1.983884E+0
0.0013160000000	1.983884E+0
0.0013168000000	1.983884E+0
0.0013176000000	1.983884E+0
0.0013184000000	1.983884E+0
0.0013192000000	1.940757E+0
0.0013200000000	1.983884E+0
0.0013208000000	1.983884E+0
0.0013216000000	1.983884E+0
0.0013224000000	1.983884E+0
0.0013232000000	1.983884E+0
0.0013240000000	1.983884E+0
0.0013248000000	1.983884E+0
0.0013256000000	1.983884E+0
0.0013264000000	1.983884E+0
0.0013272000000	1.983884E+0
0.0013280000000	1.983884E+0
0.0013288000000	1.983884E+0
0.0013296000000	1.983884E+0
0.0013304000000	1.983884E+0
0.0013312000000	1.983884E+0
0.0013320000000	1.983884E+0
0.0013328000000	1.983884E+0
0.0013336000000	1.983884E+0
0.0013344000000	1.983884E+0
0.0013352000000	1.983884E+0
0.0013360000000	1.983884E+0
0.0013368000000	1.983884E+0
0.0013376000000	1.940757E+0
0.0013384000000	1.983884E+0
0.0013392000000	1.983884E+0
0.0013400000000	1.983884E+0
0.0013408000000	1.983884E+0
0.0013416000000	2.070137E+0
0.0013424000000	1.983884E+0
0.0013432000000	1.983884E+0
0.0013440000000	1.983884E+0
0.0013448000000	1.983884E+0
0.0013456000000	1.983884E+0
0.0013464000000	1.983884E+0
0.0013472000000	1.983884E+0
0.0013480000000	1.983884E+0
0.0013488000000	1.983884E+0
0.0013496000000	1.983884E+0
0.0013504000000	1.983884E+0
0.0013512000000	1.983884E+0
0.0013520000000	1.983884E+0
0.0013528000000	1.983884E+0
0.0013536000000	1.983884E+0
0.0013544000000	1.983884E+0
0.0013552000000	1.983884E+0
0.0013560000000	1.983884E+0
0.0013568000000	1.983884E+0
0.0013576000000	1.983884E+0
0.0013584000000	1.983884E+0
0.0013592000000	1.983884E+0
0.0013600000000	1.983884E+0
0.0013608000000	1.983884E+0
0.0013616000000	1.983884E+0
0.0013624000000	1.983884E+0
0.0013632000000	1.983884E+0
0.0013640000000	1.983884E+0
0.0013648000000	1.983884E+0
0.0013656000000	1.983884E+0
0.0013664000000	1.983884E+0
0.0013672000000	1.983884E+0
0.0013680000000	1.983884E+0
0.0013688000000	1.983884E+0
0.0013696000000	1.983884E+0
0.0013704000000	1.983884E+0
0.0013712000000	1.983884E+0
0.0013720000000	1.983884E+0
0.0013728000000	1.983884E+0
0.0013736000000	1.983884E+0
0.0013744000000	1.983884E+0
0.0013752000000	1.983884E+0
0.0013760000000	1.983884E+0
0.0013768000000	1.983884E+0
0.0013776000000	1.983884E+0
0.0013784000000	1.983884E+0
0.0013792000000	1.983884E+0
0.0013800000000	1.983884E+0
0.0013808000000	1.983884E+0
0.0013816000000	1.983884E+0
0.0013824000000	2.027010E+0
0.0013832000000	1.983884E+0
0.0013840000000	1.983884E+0
0.0013848000000	1.983884E+0
0.0013856000000	1.983884E+0
0.0013864000000	1.940757E+0
0.0013872000000	1.983884E+0
0.0013880000000	1.983884E+0
0.0013888000000	1.983884E+0
0.0013896000000	1.983884E+0
0.0013904000000	1.983884E+0
0.0013912000000	1.983884E+0
0.0013920000000	1.983884E+0
0.0013928000000	1.983884E+0
0.0013936000000	1.983884E+0
0.0013944000000	1.983884E+0
0.0013952000000	1.983884E+0
0.0013960000000	1.983884E+0
0.0013968000000	1.983884E+0
0.0013976000000	1.983884E+0
0.0013984000000	1.940757E+0
0.0013992000000	1.983884E+0
0.0014000000000	1.983884E+0
0.0014008000000	1.983884E+0
0.0014016000000	1.983884E+0
0.0014024000000	1.983884E+0
0.0014032000000	1.983884E+0
0.0014040000000	1.983884E+0
0.0014048000000	1.983884E+0
0.0014056000000	1.983884E+0
0.0014064000000	1.940757E+0
0.0014072000000	1.983884E+0
0.0014080000000	1.983884E+0
0.0014088000000	1.983884E+0
0.0014096000000	1.983884E+0
0.0014104000000	1.983884E+0
0.0014112000000	1.983884E+0
0.0014120000000	1.983884E+0
0.0014128000000	1.940757E+0
0.0014136000000	1.983884E+0
0.0014144000000	1.983884E+0
0.0014152000000	1.983884E+0
0.0014160000000	1.940757E+0
0.0014168000000	1.983884E+0
0.0014176000000	1.983884E+0
0.0014184000000	1.940757E+0
0.0014192000000	1.983884E+0
0.0014200000000	1.940757E+0
0.0014208000000	1.983884E+0
0.0014216000000	1.983884E+0
0.0014224000000	1.983884E+0
0.0014232000000	2.027010E+0
0.0014240000000	1.983884E+0
0.0014248000000	1.983884E+0
0.0014256000000	1.983884E+0
0.0014264000000	1.983884E+0
0.0014272000000	1.940757E+0
0.0014280000000	1.983884E+0
0.0014288000000	1.983884E+0
0.0014296000000	1.983884E+0
0.0014304000000	1.983884E+0
0.0014312000000	1.983884E+0
0.0014320000000	1.983884E+0
0.0014328000000	1.983884E+0
0.0014336000000	1.983884E+0
0.0014344000000	1.983884E+0
0.0014352000000	1.983884E+0
0.0014360000000	1.940757E+0
0.0014368000000	1.983884E+0
0.0014376000000	1.940757E+0
0.0014384000000	1.983884E+0
0.0014392000000	1.983884E+0
0.0014400000000	1.940757E+0
0.0014408000000	1.983884E+0
0.0014416000000	1.983884E+0
0.0014424000000	1.983884E+0
0.0014432000000	1.983884E+0
0.0014440000000	1.983884E+0
0.0014448000000	1.983884E+0
0.0014456000000	1.983884E+0
0.0014464000000	1.940757E+0
0.0014472000000	1.983884E+0
0.0014480000000	1.983884E+0
0.0014488000000	1.983884E+0
0.0014496000000	1.983884E+0
0.0014504000000	1.983884E+0
0.0014512000000	1.983884E+0
0.0014520000000	1.983884E+0
0.0014528000000	1.983884E+0
0.0014536000000	1.983884E+0
0.0014544000000	1.983884E+0
0.0014552000000	1.983884E+0
0.0014560000000	1.983884E+0
0.0014568000000	1.940757E+0
0.0014576000000	1.983884E+0
0.0014584000000	1.983884E+0
0.0014592000000	1.983884E+0
0.0014600000000	1.983884E+0
0.0014608000000	1.983884E+0
0.0014616000000	1.897631E+0
0.0014624000000	1.983884E+0
0.0014632000000	1.983884E+0
0.0014640000000	1.983884E+0
0.0014648000000	1.983884E+0
0.0014656000000	1.983884E+0
0.0014664000000	1.983884E+0
0.0014672000000	1.983884E+0
0.0014680000000	1.983884E+0
0.0014688000000	1.983884E+0
0.0014696000000	1.983884E+0
0.0014704000000	1.983884E+0
0.0014712000000	1.983884E+0
0.0014720000000	1.983884E+0
0.0014728000000	1.983884E+0
0.0014736000000	1.983884E+0
0.0014744000000	1.983884E+0
0.0014752000000	1.983884E+0
0.0014760000000	1.983884E+0
0.0014768000000	1.983884E+0
0.0014776000000	1.983884E+0
0.0014784000000	1.983884E+0
0.0014792000000	1.983884E+0
0.0014800000000	1.983884E+0
0.0014808000000	1.983884E+0
0.0014816000000	1.983884E+0
0.0014824000000	1.940757E+0
0.0014832000000	1.983884E+0
0.0014840000000	1.983884E+0
0.0014848000000	1.983884E+0
0.0014856000000	1.983884E+0
0.0014864000000	1.983884E+0
0.0014872000000	1.983884E+0
0.0014880000000	1.983884E+0
0.0014888000000	1.940757E+0
0.0014896000000	1.940757E+0
0.0014904000000	1.983884E+0
0.0014912000000	1.897631E+0
0.0014920000000	1.983884E+0
0.0014928000000	2.027010E+0
0.0014936000000	1.983884E+0
0.0014944000000	1.983884E+0
0.0014952000000	1.983884E+0
0.0014960000000	1.983884E+0
0.0014968000000	1.983884E+0
0.0014976000000	1.983884E+0
0.0014984000000	1.983884E+0
0.0014992000000	1.940757E+0
0.0015000000000	9.919738E-1
0.0015008000000	3.882025E-1
0.0015016000000	8.631685E-2
0.0015024000000	4.319033E-2
0.0015032000000	6.380677E-5
0.0015040000000	6.380677E-5
0.0015048000000	6.380677E-5
0.0015056000000	6.380677E-5
0.0015064000000	6.380677E-5
0.0015072000000	6.380677E-5
0.0015080000000	6.380677E-5
0.0015088000000	6.380677E-5
0.0015096000000	6.380677E-5
0.0015104000000	6.380677E-5
0.0015112000000	6.380677E-5
0.0015120000000	6.380677E-5
0.0015128000000	6.380677E-5
0.0015136000000	6.380677E-5
0.0015144000000	6.380677E-5
0.0015152000000	-4.306272E-2
0.0015160000000	6.380677E-5
0.0015168000000	6.380677E-5
0.0015176000000	6.380677E-5
0.0015184000000	6.380677E-5
0.0015192000000	6.380677E-5
0.0015200000000	6.380677E-5
0.0015208000000	6.380677E-5
0.0015216000000	6.380677E-5
0.0015224000000	6.380677E-5
0.0015232000000	6.380677E-5
0.0015240000000	6.380677E-5
0.0015248000000	6.380677E-5
0.0015256000000	6.380677E-5
0.0015264000000	6.380677E-5
0.0015272000000	6.380677E-5
0.0015280000000	6.380677E-5
0.0015288000000	6.380677E-5
0.0015296000000	6.380677E-5
0.0015304000000	6.380677E-5
0.0015312000000	6.380677E-5
0.0015320000000	6.380677E-5
0.0015328000000	6.380677E-5
0.0015336000000	-1.293158E-1
0.0015344000000	6.380677E-5
0.0015352000000	6.380677E-5
0.0015360000000	6.380677E-5
0.0015368000000	6.380677E-5
0.0015376000000	6.380677E-5
0.0015384000000	6.380677E-5
0.0015392000000	6.380677E-5
0.0015400000000	4.319033E-2
0.0015408000000	6.380677E-5
0.0015416000000	6.380677E-5
0.0015424000000	6.380677E-5
0.0015432000000	6.380677E-5
0.0015440000000	-8.618924E-2
0.0015448000000	6.380677E-5
0.0015456000000	6.380677E-5
0.0015464000000	6.380677E-5
0.0015472000000	6.380677E-5
0.0015480000000	6.380677E-5
0.0015488000000	6.380677E-5
0.0015496000000	6.380677E-5
0.0015504000000	-4.306272E-2
0.0015512000000	6.380677E-5
0.0015520000000	6.380677E-5
0.0015528000000	-8.618924E-2
0.0015536000000	6.380677E-5
0.0015544000000	6.380677E-5
0.0015552000000	6.380677E-5
0.0015560000000	6.380677E-5
0.0015568000000	-8.618924E-2
0.0015576000000	6.380677E-5
0.0015584000000	6.380677E-5
0.0015592000000	-4.306272E-2
0.0015600000000	6.380677E-5
0.0015608000000	6.380677E-5
0.0015616000000	6.380677E-5
0.0015624000000	6.380677E-5
0.0015632000000	6.380677E-5
0.0015640000000	6.380677E-5
0.0015648000000	6.380677E-5
0.0015656000000	6.380677E-5
0.0015664000000	6.380677E-5
0.0015672000000	6.380677E-5
0.0015680000000	-4.306272E-2
0.0015688000000	6.380677E-5
0.0015696000000	6.380677E-5
0.0015704000000	6.380677E-5
0.0015712000000	6.380677E-5
0.0015720000000	6.380677E-5
0.0015728000000	6.380677E-5
0.0015736000000	6.380677E-5
0.0015744000000	-1.293158E-1
0.0015752000000	6.380677E-5
0.0015760000000	-4.306272E-2
0.0015768000000	6.380677E-5
0.0015776000000	6.380677E-5
0.0015784000000	6.380677E-5
0.0015792000000	6.380677E-5
0.0015800000000	6.380677E-5
0.0015808000000	4.319033E-2
0.0015816000000	-4.306272E-2
0.0015824000000	-4.306272E-2
0.0015832000000	6.380677E-5
0.0015840000000	6.380677E-5
0.0015848000000	-8.618924E-2
0.0015856000000	6.380677E-5
0.0015864000000	6.380677E-5
0.0015872000000	6.380677E-5
0.0015880000000	-4.306272E-2
0.0015888000000	6.380677E-5
0.0015896000000	6.380677E-5
0.0015904000000	6.380677E-5
0.0015912000000	-8.618924E-2
0.0015920000000	6.380677E-5
0.0015928000000	6.380677E-5
0.0015936000000	-4.306272E-2
0.0015944000000	6.380677E-5
0.0015952000000	-4.306272E-2
0.0015960000000	6.380677E-5
0.0015968000000	6.380677E-5
0.0015976000000	-4.306272E-2
0.0015984000000	6.380677E-5
0.0015992000000	6.380677E-5
0.0016000000000	6.380677E-5
0.0016008000000	-4.306272E-2
0.0016016000000	6.380677E-5
0.0016024000000	6.380677E-5
0.0016032000000	6.380677E-5
0.0016040000000	6.380677E-5
0.0016048000000	6.380677E-5
0.0016056000000	6.380677E-5
0.0016064000000	6.380677E-5
0.0016072000000	6.380677E-5
0.0016080000000	6.380677E-5
0.0016088000000	-4.306272E-2
0.0016096000000	6.380677E-5
0.0016104000000	6.380677E-5
0.0016112000000	6.380677E-5
0.0016120000000	6.380677E-5
0.0016128000000	6.380677E-5
0.0016136000000	6.380677E-5
0.0016144000000	6.380677E-5
0.0016152000000	-1.293158E-1
0.0016160000000	6.380677E-5
0.0016168000000	-4.306272E-2
0.0016176000000	6.380677E-5
0.0016184000000	6.380677E-5
0.0016192000000	6.380677E-5
0.0016200000000	6.380677E-5
0.0016208000000	6.380677E-5
0.0016216000000	4.319033E-2
0.0016224000000	6.380677E-5
0.0016232000000	-4.306272E-2
0.0016240000000	6.380677E-5
0.0016248000000	6.380677E-5
0.0016256000000	-8.618924E-2
0.0016264000000	6.380677E-5
0.0016272000000	6.380677E-5
0.0016280000000	-4.306272E-2
0.0016288000000	6.380677E-5
0.0016296000000	6.380677E-5
0.0016304000000	6.380677E-5
0.0016312000000	6.380677E-5
0.0016320000000	6.380677E-5
0.0016328000000	6.380677E-5
0.0016336000000	6.380677E-5
0.0016344000000	6.380677E-5
0.0016352000000	-4.306272E-2
0.0016360000000	6.380677E-5
0.0016368000000	6.380677E-5
0.0016376000000	6.380677E-5
0.0016384000000	6.380677E-5
0.0016392000000	6.380677E-5
0.0016400000000	-4.306272E-2
0.0016408000000	6.380677E-5
0.0016416000000	6.380677E-5
0.0016424000000	6.380677E-5
0.0016432000000	6.380677E-5
0.0016440000000	6.380677E-5
0.0016448000000	6.380677E-5
0.0016456000000	-8.618924E-2
0.0016464000000	6.380677E-5
0.0016472000000	6.380677E-5
0.0016480000000	-4.306272E-2
0.0016488000000	6.380677E-5
0.0016496000000	6.380677E-5
0.0016504000000	6.380677E-5
0.0016512000000	6.380677E-5
0.0016520000000	6.380677E-5
0.0016528000000	6.380677E-5
0.0016536000000	6.380677E-5
0.0016544000000	6.380677E-5
0.0016552000000	6.380677E-5
0.0016560000000	-4.306272E-2
0.0016568000000	6.380677E-5
0.0016576000000	-4.306272E-2
0.0016584000000	6.380677E-5
0.0016592000000	6.380677E-5
0.0016600000000	6.380677E-5
0.0016608000000	6.380677E-5
0.0016616000000	6.380677E-5
0.0016624000000	6.380677E-5
0.0016632000000	6.380677E-5
0.0016640000000	6.380677E-5
0.0016648000000	6.380677E-5
0.0016656000000	6.380677E-5
0.0016664000000	6.380677E-5
0.0016672000000	6.380677E-5
0.0016680000000	6.380677E-5
0.0016688000000	6.380677E-5
0.0016696000000	6.380677E-5
0.0016704000000	6.380677E-5
0.0016712000000	6.380677E-5
0.0016720000000	6.380677E-5
0.0016728000000	6.380677E-5
0.0016736000000	4.319033E-2
0.0016744000000	6.380677E-5
0.0016752000000	6.380677E-5
0.0016760000000	6.380677E-5
0.0016768000000	6.380677E-5
0.0016776000000	6.380677E-5
0.0016784000000	6.380677E-5
0.0016792000000	6.380677E-5
0.0016800000000	6.380677E-5
0.0016808000000	6.380677E-5
0.0016816000000	6.380677E-5
0.0016824000000	6.380677E-5
0.0016832000000	6.380677E-5
0.0016840000000	6.380677E-5
0.0016848000000	-8.618924E-2
0.0016856000000	6.380677E-5
0.0016864000000	6.380677E-5
0.0016872000000	6.380677E-5
0.0016880000000	-4.306272E-2
0.0016888000000	-4.306272E-2
0.0016896000000	6.380677E-5
0.0016904000000	6.380677E-5
0.0016912000000	6.380677E-5
0.0016920000000	6.380677E-5
0.0016928000000	6.380677E-5
0.0016936000000	4.319033E-2
0.0016944000000	6.380677E-5
0.0016952000000	6.380677E-5
0.0016960000000	6.380677E-5
0.0016968000000	6.380677E-5
0.0016976000000	6.380677E-5
0.0016984000000	6.380677E-5
0.0016992000000	6.380677E-5
0.0017000000000	6.380677E-5
0.0017008000000	6.380677E-5
0.0017016000000	6.380677E-5
0.0017024000000	4.319033E-2
0.0017032000000	6.380677E-5
0.0017040000000	6.380677E-5
0.0017048000000	6.380677E-5
0.0017056000000	6.380677E-5
0.0017064000000	-8.618924E-2
0.0017072000000	6.380677E-5
0.0017080000000	6.380677E-5
0.0017088000000	6.380677E-5
0.0017096000000	6.380677E-5
0.0017104000000	6.380677E-5
0.0017112000000	6.380677E-5
0.0017120000000	6.380677E-5
0.0017128000000	6.380677E-5
0.0017136000000	6.380677E-5
0.0017144000000	6.380677E-5
0.0017152000000	-4.306272E-2
0.0017160000000	6.380677E-5
0.0017168000000	6.380677E-5
0.0017176000000	-4.306272E-2
0.0017184000000	6.380677E-5
0.0017192000000	6.380677E-5
0.0017200000000	6.380677E-5
0.0017208000000	6.380677E-5
0.0017216000000	6.380677E-5
0.0017224000000	6.380677E-5
0.0017232000000	6.380677E-5
0.0017240000000	6.380677E-5
0.0017248000000	6.380677E-5
0.0017256000000	-4.306272E-2
0.0017264000000	4.319033E-2
0.0017272000000	6.380677E-5
0.0017280000000	-4.306272E-2
0.0017288000000	6.380677E-5
0.0017296000000	6.380677E-5
0.0017304000000	-4.306272E-2
0.0017312000000	6.380677E-5
0.0017320000000	6.380677E-5
0.0017328000000	-4.306272E-2
0.0017336000000	6.380677E-5
0.0017344000000	6.380677E-5
0.0017352000000	6.380677E-5
0.0017360000000	6.380677E-5
0.0017368000000	6.380677E-5
0.0017376000000	6.380677E-5
0.0017384000000	6.380677E-5
0.0017392000000	6.380677E-5
0.0017400000000	6.380677E-5
0.0017408000000	6.380677E-5
0.0017416000000	6.380677E-5
0.0017424000000	6.380677E-5
0.0017432000000	6.380677E-5
0.0017440000000	6.380677E-5
0.0017448000000	-4.306272E-2
0.0017456000000	6.380677E-5
0.0017464000000	4.319033E-2
0.0017472000000	6.380677E-5
0.0017480000000	-4.306272E-2
0.0017488000000	-4.306272E-2
0.0017496000000	6.380677E-5
0.0017504000000	6.380677E-5
0.0017512000000	6.380677E-5
0.0017520000000	-4.306272E-2
0.0017528000000	6.380677E-5
0.0017536000000	6.380677E-5
0.0017544000000	6.380677E-5
0.0017552000000	-4.306272E-2
0.0017560000000	6.380677E-5
0.0017568000000	6.380677E-5
0.0017576000000	6.380677E-5
0.0017584000000	6.380677E-5
0.0017592000000	6.380677E-5
0.0017600000000	6.380677E-5
0.0017608000000	6.380677E-5
0.0017616000000	6.380677E-5
0.0017624000000	6.380677E-5
0.0017632000000	6.380677E-5
0.0017640000000	6.380677E-5
0.0017648000000	6.380677E-5
0.0017656000000	6.380677E-5
0.0017664000000	6.380677E-5
0.0017672000000	6.380677E-5
0.0017680000000	6.380677E-5
0.0017688000000	6.380677E-5
0.0017696000000	6.380677E-5
0.0017704000000	6.380677E-5
0.0017712000000	6.380677E-5
0.0017720000000	6.380677E-5
0.0017728000000	6.380677E-5
0.0017736000000	6.380677E-5
0.0017744000000	6.380677E-5
0.0017752000000	6.380677E-5
0.0017760000000	6.380677E-5
0.0017768000000	6.380677E-5
0.0017776000000	6.380677E-5
0.0017784000000	6.380677E-5
0.0017792000000	6.380677E-5
0.0017800000000	6.380677E-5
0.0017808000000	-4.306272E-2
0.0017816000000	6.380677E-5
0.0017824000000	-4.306272E-2
0.0017832000000	-4.306272E-2
0.0017840000000	6.380677E-5
0.0017848000000	6.380677E-5
0.0017856000000	6.380677E-5
0.0017864000000	4.319033E-2
0.0017872000000	6.380677E-5
0.0017880000000	-4.306272E-2
0.0017888000000	6.380677E-5
0.0017896000000	6.380677E-5
0.0017904000000	-4.306272E-2
0.0017912000000	-4.306272E-2
0.0017920000000	-4.306272E-2
0.0017928000000	-4.306272E-2
0.0017936000000	6.380677E-5
0.0017944000000	6.380677E-5
0.0017952000000	6.380677E-5
0.0017960000000	6.380677E-5
0.0017968000000	6.380677E-5
0.0017976000000	6.380677E-5
0.0017984000000	6.380677E-5
0.0017992000000	6.380677E-5
0.0018000000000	6.380677E-5
0.0018008000000	6.380677E-5
0.0018016000000	6.380677E-5
0.0018024000000	6.380677E-5
0.0018032000000	6.380677E-5
0.0018040000000	6.380677E-5
0.0018048000000	-4.306272E-2
0.0018056000000	6.380677E-5
0.0018064000000	4.319033E-2
0.0018072000000	6.380677E-5
0.0018080000000	-4.306272E-2
0.0018088000000	6.380677E-5
0.0018096000000	6.380677E-5
0.0018104000000	-4.306272E-2
0.0018112000000	6.380677E-5
0.0018120000000	6.380677E-5
0.0018128000000	6.380677E-5
0.0018136000000	6.380677E-5
0.0018144000000	-4.306272E-2
0.0018152000000	6.380677E-5
0.0018160000000	-4.306272E-2
0.0018168000000	-4.306272E-2
0.0018176000000	6.380677E-5
0.0018184000000	6.380677E-5
0.0018192000000	6.380677E-5
0.0018200000000	-4.306272E-2
0.0018208000000	6.380677E-5
0.0018216000000	6.380677E-5
0.0018224000000	6.380677E-5
0.0018232000000	6.380677E-5
0.0018240000000	6.380677E-5
0.0018248000000	6.380677E-5
0.0018256000000	6.380677E-5
0.0018264000000	-8.618924E-2
0.0018272000000	6.380677E-5
0.0018280000000	6.380677E-5
0.0018288000000	6.380677E-5
0.0018296000000	6.380677E-5
0.0018304000000	-4.306272E-2
0.0018312000000	6.380677E-5
0.0018320000000	6.380677E-5
0.0018328000000	6.380677E-5
0.0018336000000	6.380677E-5
0.0018344000000	6.380677E-5
0.0018352000000	6.380677E-5
0.0018360000000	6.380677E-5
0.0018368000000	6.380677E-5
0.0018376000000	6.380677E-5
0.0018384000000	6.380677E-5
0.0018392000000	-4.306272E-2
0.0018400000000	6.380677E-5
0.0018408000000	6.380677E-5
0.0018416000000	6.380677E-5
0.0018424000000	-8.618924E-2
0.0018432000000	6.380677E-5
0.0018440000000	6.380677E-5
0.0018448000000	6.380677E-5
0.0018456000000	6.380677E-5
0.0018464000000	4.319033E-2
0.0018472000000	6.380677E-5
0.0018480000000	6.380677E-5
0.0018488000000	6.380677E-5
0.0018496000000	6.380677E-5
0.0018504000000	6.380677E-5
0.0018512000000	6.380677E-5
0.0018520000000	-4.306272E-2
0.0018528000000	6.380677E-5
0.0018536000000	4.319033E-2
0.0018544000000	6.380677E-5
0.0018552000000	6.380677E-5
0.0018560000000	6.380677E-5
0.0018568000000	6.380677E-5
0.0018576000000	6.380677E-5
0.0018584000000	6.380677E-5
0.0018592000000	6.380677E-5
0.0018600000000	6.380677E-5
0.0018608000000	6.380677E-5
0.0018616000000	6.380677E-5
0.0018624000000	-4.306272E-2
0.0018632000000	6.380677E-5
0.0018640000000	6.380677E-5
0.0018648000000	6.380677E-5
0.0018656000000	6.380677E-5
0.0018664000000	6.380677E-5
0.0018672000000	4.319033E-2
0.0018680000000	6.380677E-5
0.0018688000000	6.380677E-5
0.0018696000000	6.380677E-5
0.0018704000000	-4.306272E-2
0.0018712000000	6.380677E-5
0.0018720000000	6.380677E-5
0.0018728000000	6.380677E-5
0.0018736000000	6.380677E-5
0.0018744000000	-4.306272E-2
0.0018752000000	-4.306272E-2
0.0018760000000	6.380677E-5
0.0018768000000	6.380677E-5
0.0018776000000	-4.306272E-2
0.0018784000000	6.380677E-5
0.0018792000000	6.380677E-5
0.0018800000000	6.380677E-5
0.0018808000000	-4.306272E-2
0.0018816000000	6.380677E-5
0.0018824000000	-4.306272E-2
0.0018832000000	6.380677E-5
0.0018840000000	-4.306272E-2
0.0018848000000	6.380677E-5
0.0018856000000	6.380677E-5
0.0018864000000	6.380677E-5
0.0018872000000	-8.618924E-2
0.0018880000000	6.380677E-5
0.0018888000000	6.380677E-5
0.0018896000000	6.380677E-5
0.0018904000000	6.380677E-5
0.0018912000000	6.380677E-5
0.0018920000000	-8.618924E-2
0.0018928000000	-4.306272E-2
0.0018936000000	6.380677E-5
0.0018944000000	6.380677E-5
0.0018952000000	6.380677E-5
0.0018960000000	6.380677E-5
0.0018968000000	6.380677E-5
0.0018976000000	6.380677E-5
0.0018984000000	-4.306272E-2
0.0018992000000	6.380677E-5
0.0019000000000	6.380677E-5
0.0019008000000	-8.618924E-2
0.0019016000000	-4.306272E-2
0.0019024000000	6.380677E-5
0.0019032000000	6.380677E-5
0.0019040000000	6.380677E-5
0.0019048000000	-4.306272E-2
0.0019056000000	-8.618924E-2
0.0019064000000	6.380677E-5
0.0019072000000	6.380677E-5
0.0019080000000	-4.306272E-2
0.0019088000000	6.380677E-5
0.0019096000000	6.380677E-5
0.0019104000000	6.380677E-5
0.0019112000000	6.380677E-5
0.0019120000000	6.380677E-5
0.0019128000000	6.380677E-5
0.0019136000000	6.380677E-5
0.0019144000000	6.380677E-5
0.0019152000000	6.380677E-5
0.0019160000000	-4.306272E-2
0.0019168000000	-4.306272E-2
0.0019176000000	-4.306272E-2
0.0019184000000	6.380677E-5
0.0019192000000	-8.618924E-2
0.0019200000000	-4.306272E-2
0.0019208000000	-4.306272E-2
0.0019216000000	6.380677E-5
0.0019224000000	-4.306272E-2
0.0019232000000	-8.618924E-2
0.0019240000000	-4.306272E-2
0.0019248000000	-4.306272E-2
0.0019256000000	-8.618924E-2
0.0019264000000	6.380677E-5
0.0019272000000	6.380677E-5
0.0019280000000	6.380677E-5
0.0019288000000	6.380677E-5
0.0019296000000	6.380677E-5
0.0019304000000	6.380677E-5
0.0019312000000	6.380677E-5
0.0019320000000	6.380677E-5
0.0019328000000	6.380677E-5
0.0019336000000	-4.306272E-2
0.0019344000000	-4.306272E-2
0.0019352000000	-8.618924E-2
0.0019360000000	-4.306272E-2
0.0019368000000	-4.306272E-2
0.0019376000000	-8.618924E-2
0.0019384000000	6.380677E-5
0.0019392000000	-4.306272E-2
0.0019400000000	-4.306272E-2
0.0019408000000	6.380677E-5
0.0019416000000	-4.306272E-2
0.0019424000000	-4.306272E-2
0.0019432000000	-4.306272E-2
0.0019440000000	6.380677E-5
0.0019448000000	-4.306272E-2
0.0019456000000	6.380677E-5
0.0019464000000	-8.618924E-2
0.0019472000000	-4.306272E-2
0.0019480000000	6.380677E-5
0.0019488000000	6.380677E-5
0.0019496000000	-4.306272E-2
0.0019504000000	-4.306272E-2
0.0019512000000	-4.306272E-2
0.0019520000000	6.380677E-5
0.0019528000000	6.380677E-5
0.0019536000000	6.380677E-5
0.0019544000000	6.380677E-5
0.0019552000000	6.380677E-5
0.0019560000000	-8.618924E-2
0.0019568000000	-4.306272E-2
0.0019576000000	6.380677E-5
0.0019584000000	6.380677E-5
0.0019592000000	6.380677E-5
0.0019600000000	6.380677E-5
0.0019608000000	-4.306272E-2
0.0019616000000	6.380677E-5
0.0019624000000	6.380677E-5
0.0019632000000	6.380677E-5
0.0019640000000	-4.306272E-2
0.0019648000000	-8.618924E-2
0.0019656000000	6.380677E-5
0.0019664000000	-4.306272E-2
0.0019672000000	6.380677E-5
0.0019680000000	-4.306272E-2
0.0019688000000	6.380677E-5
0.0019696000000	-4.306272E-2
0.0019704000000	6.380677E-5
0.0019712000000	6.380677E-5
0.0019720000000	6.380677E-5
0.0019728000000	-4.306272E-2
0.0019736000000	6.380677E-5
0.0019744000000	-1.293158E-1
0.0019752000000	-4.306272E-2
0.0019760000000	6.380677E-5
0.0019768000000	-4.306272E-2
0.0019776000000	-4.306272E-2
0.0019784000000	-4.306272E-2
0.0019792000000	6.380677E-5
0.0019800000000	-4.306272E-2
0.0019808000000	-4.306272E-2
0.0019816000000	6.380677E-5
0.0019824000000	-4.306272E-2
0.0019832000000	6.380677E-5
0.0019840000000	6.380677E-5
0.0019848000000	6.380677E-5
0.0019856000000	-4.306272E-2
0.0019864000000	6.380677E-5
0.0019872000000	6.380677E-5
0.0019880000000	4.319033E-2
0.0019888000000	6.380677E-5
0.0019896000000	6.380677E-5
0.0019904000000	-8.618924E-2
0.0019912000000	-4.306272E-2
0.0019920000000	6.380677E-5
0.0019928000000	4.319033E-2
0.0019936000000	-4.306272E-2
0.0019944000000	-4.306272E-2
0.0019952000000	-8.618924E-2
0.0019960000000	-4.306272E-2
0.0019968000000	6.380677E-5
0.0019976000000	6.380677E-5
0.0019984000000	6.380677E-5
0.0019992000000	8.631685E-2
0.0020000000000	1.423239E+0
